# Camera list with one line of data per camera:
#   CAMERA_ID, MODEL, WIDTH, HEIGHT, PARAMS[]
# Number of cameras: 27
1 SIMPLE_PINHOLE 640 360 563.39814868779968 320 180
2 SIMPLE_PINHOLE 640 360 564.13377183320097 320 180
3 SIMPLE_PINHOLE 640 360 562.60869900833961 320 180
4 SIMPLE_PINHOLE 640 360 570.90481584998872 320 180
5 SIMPLE_PINHOLE 640 360 571.99292783185501 320 180
6 SIMPLE_PINHOLE 640 360 572.61255062635223 320 180
7 SIMPLE_PINHOLE 640 360 567.01805300126466 320 180
8 SIMPLE_PINHOLE 640 360 563.46317892073773 320 180
9 SIMPLE_PINHOLE 640 360 563.55014106660667 320 180
10 SIMPLE_PINHOLE 640 360 564.27137999202375 320 180
11 SIMPLE_PINHOLE 640 360 561.29021999629936 320 180
12 SIMPLE_PINHOLE 640 360 565.5604631158368 320 180
13 SIMPLE_PINHOLE 640 360 566.78050242633901 320 180
14 SIMPLE_PINHOLE 640 360 568.30094720341572 320 180
15 SIMPLE_PINHOLE 640 360 566.00173438745048 320 180
16 SIMPLE_PINHOLE 640 360 564.45277060980629 320 180
17 SIMPLE_PINHOLE 640 360 565.67781452022177 320 180
18 SIMPLE_PINHOLE 640 360 566.5345919840961 320 180
19 SIMPLE_PINHOLE 640 360 568.37489173656434 320 180
20 SIMPLE_PINHOLE 640 360 567.37693761970547 320 180
21 SIMPLE_PINHOLE 640 360 566.2542098676081 320 180
22 SIMPLE_PINHOLE 640 360 561.82402934121239 320 180
23 SIMPLE_PINHOLE 640 360 562.80446639839545 320 180
24 SIMPLE_PINHOLE 640 360 564.04568504475264 320 180
25 SIMPLE_PINHOLE 640 360 564.69810972791129 320 180
26 SIMPLE_PINHOLE 640 360 565.84882883678199 320 180
27 SIMPLE_PINHOLE 640 360 567.37922865171186 320 180
