# Camera list with one line of data per camera:
#   CAMERA_ID, MODEL, WIDTH, HEIGHT, PARAMS[]
# Number of cameras: 20
1 SIMPLE_PINHOLE 720 720 1093.243599458551 360 360
2 SIMPLE_PINHOLE 720 720 1095.1339010229512 360 360
3 SIMPLE_PINHOLE 720 720 1085.8513720311789 360 360
4 SIMPLE_PINHOLE 720 720 1131.523220299126 360 360
5 SIMPLE_PINHOLE 720 720 1115.7477393573249 360 360
6 SIMPLE_PINHOLE 720 720 1078.5358492414505 360 360
7 SIMPLE_PINHOLE 720 720 1050.0820618302382 360 360
8 SIMPLE_PINHOLE 720 720 1056.217504273123 360 360
9 SIMPLE_PINHOLE 720 720 1120.1541391600806 360 360
10 SIMPLE_PINHOLE 720 720 1100.5069440771699 360 360
11 SIMPLE_PINHOLE 720 720 1093.2840830204898 360 360
12 SIMPLE_PINHOLE 720 720 1095.7881800277978 360 360
13 SIMPLE_PINHOLE 720 720 1098.1158582464266 360 360
14 SIMPLE_PINHOLE 720 720 1084.9055343098426 360 360
15 SIMPLE_PINHOLE 720 720 1091.0466165630328 360 360
16 SIMPLE_PINHOLE 720 720 1115.8013996541301 360 360
17 SIMPLE_PINHOLE 720 720 1117.8336418313215 360 360
18 SIMPLE_PINHOLE 720 720 1088.1653052315776 360 360
19 SIMPLE_PINHOLE 720 720 1092.3717600554412 360 360
20 SIMPLE_PINHOLE 720 720 1090.211029576456 360 360
