0.260309 0.806388 0.801992
0.206582 0.917835 0.838869
0.240485 0.752607 0.850257
0.258071 0.636625 0.861169
0.231175 0.772741 0.829719
0.162208 0.894051 0.736789
0.196227 0.833510 0.667675
0.242741 0.781104 0.799483
0.293887 0.905142 0.810570
0.248168 0.773148 0.964012
0.208479 0.762775 0.795272
0.170030 0.859774 0.699809
0.299673 0.797785 0.638472
0.160388 0.742742 0.752427
0.128824 0.839261 0.766745
0.234657 0.633825 0.822917
0.120054 0.975678 0.769065
0.150826 0.827351 0.798427
0.148396 0.923891 0.751086
0.122802 0.889797 0.892121
0.132443 0.790447 0.764817
0.118311 0.873832 0.820979
0.129711 0.876280 0.937883
0.283221 0.503053 0.571688
0.116441 0.818591 0.568745
0.138160 0.890194 0.833326
0.123072 0.440074 0.394985
0.289728 0.600638 0.899702
0.151975 0.201322 0.757258
0.061003 0.113212 0.777674
0.093213 0.606584 0.112455
0.007818 0.957673 0.739384
0.083771 0.651349 0.273595
0.264214 0.380908 0.356259
0.194169 0.770654 0.245352
0.109740 0.384730 0.174483
0.139545 0.713814 0.338554
0.078610 0.493884 0.358715
0.261731 0.031131 0.668084
0.267319 0.564687 0.628946
0.087722 0.429035 0.153854
0.182115 0.814798 0.682043
0.148194 0.768360 0.760266
0.096382 0.905941 0.858789
0.086726 0.723111 0.780654
0.266263 0.208351 0.921903
0.219700 0.261150 0.883872
0.121061 0.468168 0.877039
0.265035 0.459279 0.537810
0.299168 0.482625 0.192695
0.172383 0.062627 0.512572
0.149838 0.822371 0.333842
0.184101 0.608763 0.360853
0.195269 0.410196 0.147354
0.171732 0.043574 0.724821
0.179779 0.102324 0.298880
0.267051 0.474213 0.036466
0.178287 0.220617 0.145276
0.202554 0.700945 0.440455
0.285083 0.662499 0.382761
0.274747 0.827481 0.772053
0.263042 0.930147 0.917365
0.230284 0.934032 0.873685
0.296878 0.697276 0.908540
0.211268 0.931808 0.698415
0.284916 0.664784 0.894337
0.286313 0.849366 0.689330
0.245381 0.767086 0.715818
0.291696 0.679900 0.915848
0.262531 0.796808 0.831467
0.215494 0.881793 0.748641
0.174860 0.836489 0.822800
0.182123 0.809038 0.607588
0.210854 0.890719 0.632376
0.140565 0.659274 0.755415
0.213911 0.646360 0.825066
0.148396 0.923891 0.751086
0.128892 0.870208 0.882936
0.231605 0.610768 0.700499
0.125051 0.930649 0.763294
0.132358 0.869237 0.819435
0.118263 0.860654 0.935920
0.283221 0.503053 0.571688
0.183118 0.638372 0.645705
0.154245 0.877564 0.840026
0.099253 0.755670 0.296113
0.168603 0.938163 0.536129
0.133299 0.198449 0.220752
0.061003 0.113212 0.777674
0.121975 0.679635 0.605542
0.169226 0.912707 0.854299
0.061087 0.125667 0.766547
0.091759 0.619487 0.270050
0.008329 0.713879 0.916011
0.156113 0.602096 0.369250
0.109740 0.384730 0.174483
0.017554 0.362440 0.864607
0.265075 0.027563 0.875326
0.101828 0.396245 0.178042
0.040608 0.377855 0.432284
0.267319 0.564687 0.628946
0.182115 0.814798 0.682043
0.148194 0.768360 0.760266
0.285921 0.622075 0.435060
0.241743 0.518595 0.556664
0.159503 0.749050 0.296139
0.178534 0.098744 0.559613
0.176216 0.197759 0.173290
0.190464 0.406401 0.547322
0.183119 0.215535 0.151809
0.156045 0.045300 0.766388
0.264940 0.471726 0.043329
0.297848 0.965421 0.882555
0.203664 0.633843 0.530276
0.289785 0.905608 0.904766
0.168187 0.525734 0.460822
0.269190 0.969531 0.861239
0.281084 0.837890 0.871088
0.270118 0.777326 0.890294
0.265226 0.804464 0.870377
0.269895 0.825563 0.868690
0.238323 0.796898 0.708058
0.262531 0.796808 0.831467
0.288301 0.873478 0.949090
0.196360 0.736098 0.839766
0.194102 0.846624 0.809084
0.260007 0.728696 0.888120
0.290758 0.890151 0.922600
0.170511 0.818791 0.649225
0.262701 0.755210 0.694087
0.210727 0.830774 0.874312
0.139128 0.736764 0.626639
0.215707 0.632557 0.880712
0.128892 0.870208 0.882936
0.124493 0.856820 0.794512
0.110253 0.889975 0.910854
0.132211 0.879627 0.813620
0.256301 0.701954 0.715561
0.099253 0.755670 0.296113
0.090598 0.604254 0.109818
0.134900 0.666692 0.521072
0.091759 0.619487 0.270050
0.291050 0.587492 0.845846
0.294845 0.359596 0.523274
0.192314 0.389420 0.142965
0.183788 0.719423 0.300186
0.179008 0.589122 0.342154
0.178256 0.103141 0.325131
0.271087 0.223240 0.088903
0.283363 0.731843 0.894904
0.187120 0.353892 0.802923
0.234166 0.789676 0.761543
0.127535 0.331823 0.600322
0.220665 0.735951 0.795704
0.290512 0.814453 0.894503
0.271440 0.741949 0.949663
0.233253 0.937327 0.766056
0.261832 0.780789 0.815104
0.199829 0.815174 0.729348
0.277448 0.805430 0.928477
0.248168 0.773148 0.964012
0.286604 0.750274 0.687501
0.178489 0.738977 0.957706
0.253542 0.629174 0.678403
0.146557 0.839528 0.808874
0.150340 0.806168 0.706984
0.128027 0.864414 0.959938
0.148485 0.922482 0.542223
0.128346 0.544826 0.654694
0.251074 0.551754 0.926442
0.188767 0.481196 0.501021
0.190464 0.406401 0.547322
0.188478 0.304547 0.181656
0.264940 0.471726 0.043329
0.173256 0.417122 0.668437
0.039368 0.690012 0.277472
0.204658 0.732727 0.613390
0.180398 0.420986 0.683605
0.041657 0.587688 0.313832
0.142314 0.458966 0.425830
0.128957 0.496599 0.489432
0.023273 0.426915 0.782099
0.252496 0.847993 0.855722
0.164169 0.414929 0.704387
0.258747 0.786376 0.795807
0.199653 0.356607 0.699747
0.198712 0.354442 0.750684
0.203664 0.633843 0.530276
0.289785 0.905608 0.904766
0.285194 0.885351 0.845027
0.202710 0.352002 0.396283
0.285224 0.796455 0.780463
0.209571 0.939866 0.877896
0.211268 0.931808 0.698415
0.285311 0.875473 0.876716
0.215494 0.881793 0.748641
0.202194 0.822636 0.908294
0.159945 0.560245 0.882756
0.223818 0.734467 0.732168
0.264640 0.594359 0.774099
0.211762 0.404357 0.553660
0.294199 0.537824 0.930987
0.240513 0.902476 0.511209
0.289573 0.600283 0.418860
0.276300 0.627577 0.562274
0.034236 0.302402 0.453887
0.015644 0.554590 0.471818
0.016221 0.383924 0.908130
0.018574 0.381723 0.961115
0.012393 0.566940 0.943636
0.012688 0.488908 0.921291
0.254533 0.644254 0.561092
0.055505 0.265719 0.518048
0.025041 0.261469 0.922993
0.015448 0.424514 0.907511
0.289698 0.700038 0.643239
0.106176 0.405435 0.297180
0.027680 0.316885 0.695419
0.019161 0.352675 0.949881
0.224587 0.871095 0.864052
0.290101 0.700621 0.657565
0.112975 0.405017 0.253444
0.025730 0.337609 0.730315
0.020558 0.364891 0.925579
0.013800 0.551994 0.885354
0.255572 0.564790 0.361545
0.276563 0.662896 0.619540
0.272571 0.554412 0.561549
0.291164 0.050066 0.324153
0.079775 0.364930 0.458543
0.028161 0.260550 0.872133
0.254744 0.686089 0.659623
0.123162 0.438012 0.485851
0.031909 0.293689 0.687884
0.130698 0.439834 0.477754
0.039368 0.690012 0.277472
0.234166 0.789676 0.761543
0.278925 0.784682 0.814533
0.138165 0.445401 0.471326
0.086488 0.411380 0.458695
0.022388 0.361319 0.961931
0.273232 0.887286 0.877244
0.280090 0.903171 0.705754
0.121241 0.502248 0.486824
0.281458 0.867280 0.659911
0.164169 0.414929 0.704387
0.284559 0.960569 0.768566
0.170701 0.413780 0.732053
0.241955 0.767261 0.844499
0.279503 0.971775 0.926904
0.230284 0.934032 0.873685
0.246783 0.829682 0.896039
0.240485 0.752607 0.850257
0.243542 0.480317 0.044884
0.286422 0.744551 0.726594
0.255585 0.784745 0.949375
0.159955 0.883182 0.763983
0.269358 0.685494 0.630222
0.264946 0.860991 0.574843
0.221699 0.082914 0.406551
0.164072 0.647138 0.665250
0.045114 0.113784 0.816843
0.017752 0.900972 0.918690
0.041149 0.302095 0.608572
0.018055 0.659980 0.767660
0.152288 0.649183 0.757501
0.042776 0.159126 0.594898
0.017688 0.978620 0.865184
0.013483 0.494385 0.836517
0.013650 0.697274 0.906589
0.018308 0.625660 0.927019
0.216829 0.819404 0.767703
0.287611 0.608444 0.644704
0.250722 0.606762 0.659532
0.005547 0.819177 0.799782
0.012086 0.522590 0.894818
0.018522 0.942006 0.406334
0.012426 0.509875 0.890415
0.010300 0.712104 0.883121
0.012055 0.784499 0.893759
0.281296 0.648450 0.573087
0.030074 0.343178 0.554223
0.004663 0.924426 0.960571
0.016537 0.337937 0.911888
0.013609 0.508315 0.768954
0.012272 0.714587 0.735553
0.289690 0.961812 0.608622
0.272207 0.692500 0.857030
0.054318 0.439605 0.400088
0.019948 0.287881 0.830193
0.014292 0.514445 0.736732
0.009652 0.665651 0.851352
0.011703 0.589380 0.740991
0.260709 0.817684 0.845383
0.216174 0.238477 0.443157
0.018958 0.302668 0.877379
0.014870 0.530537 0.951004
0.013849 0.482315 0.864385
0.011137 0.520731 0.885302
0.284718 0.881362 0.763162
0.227592 0.299797 0.406643
0.016432 0.599802 0.557471
0.014481 0.430270 0.899565
0.020284 0.324993 0.883929
0.013257 0.460017 0.883754
0.284891 0.863122 0.811862
0.225451 0.655263 0.863821
0.262254 0.297616 0.124158
0.051658 0.307674 0.563634
0.025802 0.274600 0.805331
0.015284 0.417863 0.905794
0.265226 0.670746 0.963183
0.051658 0.307674 0.563634
0.028771 0.293548 0.698076
0.016692 0.452975 0.935225
0.015199 0.457604 0.907398
0.289594 0.860827 0.945783
0.280487 0.927013 0.774286
0.260012 0.761690 0.865675
0.279019 0.684501 0.670443
0.219541 0.605726 0.279625
0.036894 0.477704 0.413258
0.022330 0.321897 0.944726
0.023239 0.278234 0.953167
0.272793 0.847012 0.895485
0.246785 0.771236 0.772608
0.219560 0.310501 0.393874
0.028161 0.260550 0.872133
0.296590 0.839927 0.815585
0.264201 0.753744 0.878528
0.123162 0.438012 0.485851
0.031909 0.293689 0.687884
0.282866 0.960194 0.828815
0.274701 0.848134 0.908049
0.241436 0.483718 0.463354
0.041657 0.587688 0.313832
0.018618 0.450374 0.923925
0.287793 0.890323 0.741873
0.274391 0.791646 0.931498
0.272022 0.284750 0.428853
0.272519 0.873291 0.880807
0.232828 0.456197 0.058506
0.299138 0.628056 0.351163
0.260533 0.722373 0.892593
0.277823 0.924682 0.842972
0.286506 0.914097 0.909986
0.287025 0.828914 0.281740
0.264741 0.858261 0.786942
0.276187 0.821487 0.837263
0.212481 0.887920 0.816336
0.106508 0.831586 0.785778
0.123964 0.732413 0.605168
0.205414 0.680775 0.047176
0.105995 0.927608 0.921681
0.061337 0.912258 0.766097
0.047517 0.297434 0.772245
0.203522 0.075432 0.793974
0.212481 0.887920 0.816336
0.106508 0.831586 0.785778
0.095665 0.606360 0.884748
0.070875 0.250810 0.567059
0.119921 0.921809 0.877793
0.055079 0.912639 0.764017
0.192674 0.079420 0.784191
0.210755 0.872213 0.817984
0.225567 0.844129 0.883118
0.100036 0.618219 0.598911
0.123416 0.825289 0.790423
0.073302 0.919008 0.777242
0.047084 0.766735 0.201469
0.104326 0.914455 0.610294
0.055103 0.911930 0.766855
0.016615 0.824900 0.704972
0.016083 0.795345 0.837585
0.298060 0.571133 0.978313
0.107337 0.862299 0.783083
0.151377 0.780269 0.664041
0.057961 0.922153 0.792252
0.096064 0.609105 0.299887
0.012044 0.800986 0.734949
0.061435 0.911415 0.769827
0.016884 0.821414 0.712869
0.295455 0.560696 0.951189
0.107559 0.880073 0.862731
0.054637 0.923795 0.793778
0.062762 0.297063 0.822282
0.061647 0.888063 0.732031
0.085963 0.908962 0.776123
0.018172 0.711828 0.834862
0.297998 0.571240 0.978282
0.107337 0.862299 0.783083
0.005545 0.803712 0.937067
0.066892 0.921172 0.780248
0.019017 0.860289 0.825453
0.019559 0.565414 0.591837
0.058405 0.891997 0.749230
0.018825 0.676459 0.820696
0.260958 0.485340 0.706080
0.100036 0.618219 0.598911
0.056976 0.732107 0.101829
0.017817 0.862729 0.888274
0.058547 0.685525 0.260318
0.018055 0.659980 0.767660
0.019249 0.666654 0.937360
0.220162 0.608835 0.679310
0.053420 0.748807 0.118876
0.017752 0.900972 0.918690
0.010572 0.626502 0.868858
0.012110 0.718967 0.801456
0.018115 0.589239 0.843371
0.215534 0.714140 0.929958
0.269499 0.917236 0.629452
0.271233 0.491084 0.851055
0.045114 0.113784 0.816843
0.009649 0.607133 0.965110
0.020343 0.870607 0.889503
0.015122 0.460370 0.783114
0.013717 0.672052 0.897976
0.274515 0.942219 0.575067
0.240319 0.486353 0.821839
0.011797 0.531037 0.669602
0.005038 0.791522 0.958144
0.018781 0.591661 0.462422
0.014983 0.485074 0.690816
0.007501 0.802018 0.919222
0.012055 0.784499 0.893759
0.287229 0.900368 0.905760
0.255347 0.829524 0.851004
0.257657 0.694662 0.500683
0.202746 0.439113 0.286248
0.022028 0.577441 0.419796
0.013609 0.508315 0.768954
0.012637 0.547253 0.807568
0.289583 0.901241 0.853009
0.239321 0.908348 0.924546
0.187495 0.836610 0.418120
0.291370 0.033147 0.465008
0.019948 0.287881 0.830193
0.017007 0.395970 0.871935
0.010399 0.647042 0.845164
0.013653 0.538944 0.715963
0.150550 0.594789 0.349417
0.242867 0.958203 0.963633
0.258473 0.839323 0.913595
0.224794 0.799975 0.663182
0.218176 0.615126 0.114117
0.012086 0.522590 0.894818
0.021017 0.331205 0.790193
0.273432 0.935846 0.926028
0.251670 0.682674 0.799856
0.204049 0.226848 0.364914
0.293449 0.280275 0.062099
0.278471 0.888828 0.955067
0.236562 0.919689 0.812236
0.256238 0.687070 0.769223
0.297948 0.019863 0.702662
0.293361 0.274677 0.052531
0.236725 0.936899 0.877520
0.275922 0.517178 0.034922
0.242285 0.481375 0.042910
0.274407 0.790951 0.853695
0.291170 0.841087 0.633971
0.249347 0.844570 0.880331
0.264566 0.848707 0.758057
0.136481 0.903332 0.864574
0.215494 0.815645 0.863352
0.234710 0.677863 0.873367
0.273624 0.857543 0.884877
0.245531 0.476493 0.828579
0.251978 0.827802 0.942835
0.217752 0.842089 0.903230
0.128245 0.952723 0.895708
0.163913 0.822642 0.051152
0.234710 0.677863 0.873367
0.178749 0.844423 0.987192
0.291027 0.832129 0.909803
0.216688 0.515628 0.902512
0.276971 0.051054 0.616219
0.244062 0.867152 0.773962
0.209552 0.791906 0.836898
0.136481 0.903332 0.864574
0.110553 0.575818 0.108634
0.183533 0.845688 0.813249
0.216569 0.824474 0.714888
0.268408 0.935015 0.861911
0.216688 0.515628 0.902512
0.233579 0.068287 0.619121
0.268771 0.872314 0.879497
0.232223 0.870185 0.788151
0.219533 0.827683 0.822965
0.145497 0.782909 0.404542
0.126844 0.893265 0.764165
0.203253 0.827830 0.913561
0.207449 0.812502 0.715097
0.142731 0.912492 0.827293
0.216688 0.515628 0.902512
0.217938 0.072302 0.728902
0.275222 0.056554 0.654819
0.229484 0.942347 0.946863
0.248727 0.801914 0.777161
0.188123 0.862702 0.829339
0.133600 0.821631 0.622846
0.126844 0.893265 0.764165
0.044656 0.182067 0.722331
0.181517 0.723688 0.931809
0.107175 0.949946 0.977825
0.125692 0.848406 0.829192
0.205709 0.206591 0.342722
0.251290 0.062729 0.672048
0.285783 0.798995 0.670687
0.250462 0.901032 0.864865
0.241152 0.900152 0.758941
0.203378 0.837331 0.822221
0.151377 0.780269 0.664041
0.133468 0.723688 0.596701
0.144469 0.851951 0.765866
0.189220 0.862302 0.881097
0.096931 0.947111 0.981821
0.063801 0.683375 0.282749
0.217938 0.072302 0.728902
0.232167 0.065913 0.796715
0.225567 0.844129 0.883118
0.209771 0.805006 0.689431
0.114025 0.829375 0.787460
0.110553 0.575818 0.108634
0.129965 0.861443 0.978811
0.152973 0.073710 0.602615
0.100793 0.954405 0.968239
0.055097 0.912203 0.762831
0.216481 0.070207 0.825837
0.212481 0.887920 0.816336
0.186774 0.679350 0.601196
0.100341 0.834641 0.784380
0.136101 0.859822 0.776484
0.117446 0.904491 0.592983
0.130186 0.926064 0.874346
0.052610 0.911908 0.764053
0.192674 0.079420 0.784191
0.232167 0.065913 0.796715
0.220940 0.803620 0.847924
0.135199 0.624591 0.468995
0.114025 0.829375 0.787460
0.073372 0.918254 0.779041
0.107261 0.402760 0.746453
0.105522 0.902020 0.967939
0.123361 0.605008 0.140577
0.057973 0.911964 0.764405
0.183387 0.082429 0.808525
0.295415 0.716109 0.846943
0.115076 0.779668 0.605804
0.134995 0.786401 0.696924
0.057980 0.921974 0.795757
0.045268 0.507220 0.305132
0.104326 0.914455 0.610294
0.065494 0.911838 0.771892
0.065437 0.912173 0.765897
0.016019 0.854874 0.776938
0.295630 0.705428 0.667410
0.108539 0.821432 0.918462
0.134868 0.636691 0.400083
0.054658 0.923417 0.797350
0.025003 0.860423 0.638422
0.107525 0.600058 0.256284
0.058020 0.911978 0.771862
0.254798 0.056409 0.772826
0.016884 0.821414 0.712869
0.285092 0.622945 0.819088
0.263029 0.732684 0.540145
0.211151 0.486396 0.883449
0.005545 0.803712 0.937067
0.061973 0.920446 0.790147
0.018010 0.819178 0.977076
0.081771 0.137088 0.596290
0.055452 0.911130 0.786063
0.018825 0.676459 0.820696
0.299725 0.806757 0.624249
0.227560 0.690702 0.666618
0.249360 0.432851 0.761052
0.056976 0.732107 0.101829
0.082011 0.917051 0.772928
0.017455 0.816135 0.964367
0.288146 0.880014 0.901496
0.276322 0.683025 0.645192
0.262182 0.465533 0.613335
0.054242 0.896339 0.753008
0.271475 0.447545 0.063895
0.147503 0.605040 0.055639
0.296784 0.797781 0.967652
0.279246 0.865682 0.808876
0.219297 0.849534 0.784186
0.243488 0.434434 0.163505
0.098157 0.151421 0.407138
0.096268 0.138102 0.441028
0.097791 0.188508 0.339687
0.098221 0.182677 0.363522
0.242867 0.958203 0.963633
0.245180 0.877311 0.687491
0.283999 0.898509 0.822812
0.274532 0.895827 0.874257
0.228661 0.937341 0.918650
0.252015 0.387543 0.139346
0.229220 0.875179 0.989721
0.200608 0.896128 0.878308
0.253634 0.801247 0.909372
0.259845 0.811071 0.786079
0.254385 0.829460 0.850726
0.246863 0.853035 0.926350
0.254452 0.700413 0.799620
0.246559 0.851206 0.833399
0.204359 0.765557 0.801764
0.259493 0.577841 0.974731
0.279943 0.630637 0.865793
0.246559 0.851206 0.833399
0.145497 0.782909 0.404542
0.294589 0.798088 0.775091
0.280758 0.849075 0.684733
0.267840 0.481362 0.828638
0.199685 0.770645 0.868964
0.256084 0.794785 0.735145
0.284853 0.727891 0.863934
0.249347 0.844570 0.880331
0.242907 0.880454 0.852079
0.134568 0.936432 0.919861
0.256888 0.696966 0.781793
0.284717 0.852921 0.930508
0.289044 0.842788 0.797192
0.245531 0.476493 0.828579
0.258846 0.631050 0.907759
0.230489 0.758156 0.672281
0.272617 0.803062 0.848666
0.208328 0.845380 0.857863
0.129775 0.979309 0.878720
0.137655 0.751342 0.580910
0.298523 0.853838 0.683047
0.234037 0.822937 0.874982
0.230131 0.472313 0.861233
0.276971 0.051054 0.616219
0.175536 0.892369 0.749352
0.292644 0.753336 0.783219
0.272617 0.803062 0.848666
0.209771 0.805006 0.689431
0.140436 0.947016 0.926402
0.136107 0.945101 0.736777
0.288322 0.677756 0.874651
0.227048 0.803936 0.877176
0.119768 0.951109 0.894807
0.267840 0.481362 0.828638
0.233579 0.068287 0.619121
0.201039 0.795938 0.769291
0.244062 0.867152 0.773962
0.203378 0.837331 0.822221
0.147513 0.911706 0.795955
0.275242 0.445545 0.923551
0.150833 0.903098 0.876906
0.233772 0.735155 0.910178
0.194224 0.534969 0.961398
0.242595 0.363446 0.143570
0.270466 0.618624 0.766494
0.230907 0.788796 0.846434
0.190369 0.846984 0.819843
0.133749 0.825116 0.686055
0.275242 0.445545 0.923551
0.145691 0.855133 0.963085
0.281573 0.719631 0.885796
0.190369 0.846984 0.819843
0.266633 0.436402 0.801274
0.274517 0.760382 0.924880
0.187205 0.685286 0.546448
0.147513 0.604864 0.058138
0.245158 0.790337 0.833377
0.097154 0.189698 0.328459
0.097791 0.188508 0.339687
0.274772 0.616175 0.529183
0.255567 0.886583 0.912065
0.273173 0.840327 0.860919
0.248061 0.958180 0.968784
0.280336 0.896001 0.968650
0.292098 0.671065 0.870867
0.230639 0.872763 0.846447
0.266233 0.773368 0.654413
0.276601 0.846862 0.849908
0.289691 0.549397 0.856136
0.160990 0.926947 0.854610
0.211281 0.719177 0.817841
0.172952 0.910524 0.828191
0.249070 0.638251 0.707659
0.263679 0.873581 0.610110
0.159328 0.926678 0.868091
0.160133 0.720704 0.882120
0.154712 0.982677 0.877611
0.208949 0.803234 0.839767
0.181408 0.809748 0.967573
0.144279 0.578237 0.070612
0.130947 0.471999 0.097440
0.296965 0.534024 0.858312
0.250814 0.872638 0.759071
0.095415 0.193219 0.288868
0.284556 0.316375 0.185080
0.284629 0.437940 0.258478
0.248278 0.701196 0.849245
0.299905 0.887932 0.798600
0.259510 0.961101 0.639418
0.270983 0.693889 0.491470
0.293601 0.655568 0.399316
0.265229 0.802863 0.555362
0.267969 0.645633 0.277864
0.292216 0.321540 0.405581
0.292216 0.321540 0.405581
0.292216 0.321540 0.405581
0.292449 0.325765 0.342711
0.117291 0.269508 0.226251
0.290715 0.795051 0.792790
0.214556 0.862246 0.810965
0.299250 0.350715 0.312951
0.117967 0.312688 0.659383
0.278812 0.718460 0.839957
0.297168 0.826779 0.852400
0.198155 0.941706 0.875903
0.296590 0.829470 0.837622
0.198155 0.941706 0.875903
0.292515 0.430598 0.703334
0.150988 0.550327 0.290388
0.239058 0.863513 0.651686
0.198155 0.941706 0.875903
0.222163 0.906898 0.867703
0.184166 0.888185 0.736895
0.187687 0.951532 0.889374
0.225019 0.855123 0.647462
0.191524 0.876482 0.193370
0.228164 0.900734 0.719240
0.202700 0.897645 0.757533
0.287280 0.777944 0.741538
0.266822 0.767918 0.974848
0.275405 0.458386 0.623592
0.275405 0.458386 0.623592
0.116644 0.248459 0.200708
0.116644 0.248459 0.200708
0.278764 0.642732 0.429814
0.116644 0.248459 0.200708
0.294253 0.501366 0.740118
0.120390 0.258240 0.187418
0.183319 0.609870 0.391271
0.250010 0.913995 0.706136
0.237740 0.743257 0.452496
0.190388 0.537864 0.308746
0.168721 0.979750 0.471541
0.218006 0.753717 0.942825
0.264348 0.536767 0.527841
0.190388 0.537864 0.308746
0.279764 0.560564 0.676392
0.196856 0.723657 0.339729
0.267496 0.444851 0.913539
0.283760 0.887604 0.458071
0.252933 0.616775 0.672841
0.183448 0.891144 0.708288
0.140100 0.661155 0.512481
0.299729 0.465370 0.207365
0.183018 0.831151 0.754353
0.169477 0.730760 0.620221
0.278501 0.781884 0.748784
0.267479 0.651457 0.834563
0.248158 0.878635 0.816081
0.275108 0.658608 0.851164
0.252040 0.874257 0.811962
0.235568 0.817508 0.686307
0.287114 0.685233 0.704201
0.278837 0.610447 0.918615
0.240444 0.890547 0.800091
0.213397 0.844410 0.890864
0.254747 0.897906 0.872734
0.288154 0.678158 0.929496
0.176840 0.989253 0.871177
0.212994 0.915539 0.795723
0.285241 0.623423 0.845136
0.292898 0.819184 0.828706
0.272155 0.784268 0.811206
0.182497 0.942138 0.707625
0.212994 0.915539 0.795723
0.228615 0.738570 0.808560
0.266858 0.803790 0.896989
0.184892 0.880566 0.778070
0.207968 0.891342 0.821878
0.206417 0.810164 0.910040
0.255388 0.801569 0.910516
0.207862 0.846625 0.788771
0.211754 0.880599 0.847978
0.263838 0.677527 0.868798
0.264619 0.804095 0.784031
0.266898 0.829912 0.865185
0.222134 0.824988 0.801259
0.207240 0.802213 0.906684
0.217784 0.908691 0.719319
0.235915 0.904874 0.625476
0.257243 0.906614 0.857296
0.265899 0.848308 0.750518
0.208267 0.768380 0.848469
0.251857 0.767524 0.998277
0.275620 0.822007 0.853401
0.279783 0.826434 0.813544
0.271272 0.815755 0.759277
0.248126 0.791045 0.758696
0.261654 0.835883 0.893974
0.276684 0.910227 0.665838
0.281892 0.880640 0.837388
0.283883 0.859101 0.929135
0.283779 0.705405 0.821492
0.263973 0.632098 0.837697
0.205564 0.747641 0.805720
0.202264 0.913767 0.498632
0.166640 0.842752 0.469214
0.257799 0.503418 0.484578
0.228366 0.791664 0.363660
0.297431 0.838701 0.658721
0.286188 0.895503 0.859436
0.290683 0.880492 0.900298
0.283276 0.707391 0.821569
0.216386 0.744293 0.758787
0.208065 0.764668 0.824201
0.193299 0.837865 0.613712
0.212116 0.711304 0.442622
0.249297 0.502555 0.486692
0.156314 0.857739 0.242530
0.264305 0.726695 0.686962
0.295443 0.774267 0.474129
0.294697 0.870747 0.942151
0.243439 0.800435 0.745642
0.207050 0.726410 0.885174
0.166721 0.765445 0.833594
0.179941 0.508312 0.609155
0.216379 0.762592 0.747124
0.239654 0.501495 0.482541
0.233425 0.775007 0.497204
0.270481 0.694889 0.612132
0.294442 0.916167 0.796234
0.266362 0.951430 0.858879
0.273582 0.853067 0.792284
0.229979 0.762152 0.823222
0.171178 0.657517 0.794570
0.143042 0.362654 0.898197
0.228344 0.761919 0.666977
0.247485 0.540992 0.515336
0.228968 0.675800 0.791897
0.261730 0.863579 0.533410
0.294553 0.939860 0.794769
0.299170 0.840291 0.892902
0.263693 0.842274 0.781486
0.242286 0.873824 0.735823
0.176319 0.797891 0.797465
0.201917 0.619450 0.534219
0.250332 0.771111 0.598935
0.228194 0.711698 0.534539
0.299495 0.639720 0.739960
0.245357 0.873040 0.909119
0.275363 0.856835 0.814507
0.240974 0.707859 0.881751
0.167158 0.788709 0.776562
0.196166 0.573287 0.557451
0.150792 0.623134 0.540150
0.213784 0.907378 0.862610
0.294349 0.760380 0.599588
0.249527 0.873627 0.852462
0.267720 0.875750 0.836587
0.286608 0.903453 0.846660
0.234733 0.714311 0.910177
0.169175 0.806056 0.704459
0.195640 0.572423 0.534972
0.220562 0.903444 0.849363
0.296493 0.616979 0.761206
0.266946 0.881375 0.829528
0.277299 0.865625 0.841362
0.242846 0.754300 0.911508
0.207395 0.864219 0.821922
0.209958 0.840962 0.566209
0.294184 0.587334 0.739973
0.264315 0.767997 0.837308
0.261809 0.668309 0.517490
0.297871 0.873281 0.864529
0.286727 0.745904 0.782944
0.201811 0.839875 0.842178
0.293935 0.587898 0.738958
0.240175 0.777369 0.849799
0.288794 0.661145 0.898279
0.294154 0.601212 0.826187
0.268803 0.989982 0.807159
0.298187 0.676179 0.819190
0.232474 0.716792 0.830229
0.289983 0.577016 0.556739
0.287973 0.977592 0.646772
0.233337 0.743011 0.874284
0.243687 0.613542 0.582123
0.255650 0.722611 0.835204
0.277355 0.899311 0.619984
0.284880 0.310651 0.179530
0.227785 0.766677 0.845363
0.274316 0.920916 0.594960
0.289945 0.730795 0.839431
0.281394 0.766505 0.743939
0.274550 0.934850 0.726789
0.261427 0.859868 0.907037
0.281069 0.878673 0.881870
0.298788 0.876738 0.659644
0.255773 0.491734 0.057943
0.293628 0.964232 0.854659
0.254157 0.877070 0.922710
0.149509 0.789154 0.115715
0.289335 0.918975 0.825407
0.293778 0.933931 0.855690
0.282139 0.882498 0.904459
0.283709 0.864425 0.863326
0.269504 0.746065 0.252016
0.285941 0.960907 0.856422
0.292673 0.853765 0.829291
0.298822 0.887778 0.863159
0.292410 0.961277 0.874447
0.268352 0.978519 0.964954
0.291222 0.934380 0.841334
0.222469 0.924518 0.487734
0.219986 0.939629 0.525860
0.295171 0.681153 0.832123
0.286848 0.349739 0.054252
0.242271 0.350507 0.324103
0.235905 0.774850 0.427677
0.250078 0.784840 0.381257
0.241871 0.951204 0.756418
0.244334 0.751619 0.443360
0.266809 0.633805 0.691739
0.229659 0.567899 0.572498
0.267072 0.582150 0.401999
0.239540 0.639133 0.459772
0.260099 0.593850 0.427177
0.292374 0.804633 0.059460
0.265365 0.838054 0.920030
0.220679 0.736469 0.052878
0.262315 0.714636 0.076532
0.207405 0.863454 0.046188
0.187964 0.890902 0.103254
0.227442 0.771668 0.059613
0.295296 0.693037 0.038381
0.264718 0.631307 0.789019
