0.273201 0.452363 0.284586
0.295415 0.021388 0.577709
0.201250 0.483307 0.387107
0.268161 0.570213 0.329546
0.282628 0.636500 0.447009
0.272852 0.652640 0.507899
0.168971 0.694753 0.453695
0.200609 0.459850 0.477611
0.292704 0.692780 0.798306
0.279449 0.687732 0.447671
0.205392 0.578845 0.237865
0.198973 0.389391 0.795790
0.069954 0.602600 0.665168
0.163113 0.708399 0.469580
0.136040 0.489655 0.772098
0.160598 0.393643 0.410220
0.232455 0.411108 0.975614
0.277447 0.641361 0.753965
0.235785 0.491635 0.825941
0.280483 0.763882 0.975668
0.290127 0.491972 0.342241
0.293391 0.840546 0.782830
0.269140 0.978173 0.595893
0.257374 0.793788 0.677987
0.260907 0.602771 0.528096
0.232153 0.532346 0.660009
0.284470 0.448137 0.695776
0.268090 0.833388 0.579412
0.206174 0.325355 0.780434
0.210455 0.413512 0.743586
0.157691 0.787409 0.516301
0.291291 0.696325 0.881217
0.263986 0.317734 0.843893
0.239325 0.621342 0.562822
0.265947 0.593926 0.544475
0.278259 0.549952 0.845663
0.254216 0.698542 0.757594
0.277541 0.725183 0.939325
0.298816 0.578366 0.679749
0.299323 0.409318 0.723605
0.285090 0.420007 0.373515
0.272697 0.915224 0.345717
0.278188 0.348822 0.353236
0.250478 0.318631 0.929967
0.242650 0.343752 0.902498
0.270902 0.309329 0.537814
0.289874 0.557074 0.896943
0.070044 0.555646 0.717181
0.269631 0.513986 0.858239
0.273812 0.865469 0.678154
0.283799 0.864931 0.699989
0.287403 0.843062 0.327382
0.272712 0.472868 0.617533
0.292082 0.794419 0.784228
0.230363 0.517701 0.681383
0.277357 0.349862 0.312275
0.267506 0.393508 0.692779
0.246576 0.392392 0.649011
0.267938 0.276127 0.502826
0.272694 0.305705 0.464522
0.241683 0.388886 0.658967
0.294287 0.655483 0.308460
0.219169 0.792428 0.593492
0.182200 0.622612 0.475089
0.241996 0.764208 0.389044
0.299582 0.814497 0.627365
0.297168 0.570227 0.620339
0.255168 0.653756 0.541773
0.258000 0.846558 0.721307
0.154080 0.264630 0.532237
0.253787 0.759797 0.476305
0.275640 0.454213 0.651240
0.246909 0.435161 0.745563
0.234245 0.465341 0.741847
0.185857 0.617135 0.294327
0.201157 0.550003 0.535200
0.237817 0.347145 0.322138
0.223473 0.472715 0.276419
0.239290 0.380883 0.650634
0.228612 0.337815 0.332703
0.298869 0.615884 0.448951
0.203624 0.593672 0.474902
0.210088 0.285157 0.685324
0.206348 0.717406 0.344733
0.210131 0.545300 0.593948
0.256533 0.655873 0.729229
0.285287 0.602750 0.928418
0.280400 0.848543 0.903553
0.298318 0.823115 0.728528
0.283193 0.864532 0.650447
0.294420 0.846178 0.449086
0.204013 0.871152 0.398545
0.273285 0.955662 0.414596
0.288609 0.418576 0.565126
0.257316 0.439815 0.501020
0.291804 0.396912 0.454221
0.295716 0.850892 0.421575
0.284186 0.470839 0.445409
0.140967 0.593305 0.223813
0.254144 0.413602 0.693702
0.260515 0.357566 0.428524
0.296676 0.253459 0.523964
0.220416 0.375603 0.665554
0.220416 0.375603 0.665554
0.207905 0.502368 0.273537
0.276540 0.668930 0.578115
0.290054 0.681573 0.513885
0.290054 0.681573 0.513885
0.214937 0.766575 0.452457
0.288079 0.700766 0.755936
0.149988 0.536278 0.990831
0.261725 0.811485 0.934022
0.296731 0.799840 0.914208
0.291730 0.709878 0.220240
0.292710 0.804704 0.397981
0.280178 0.856497 0.429412
0.267467 0.363415 0.694534
0.277048 0.341876 0.738126
0.297795 0.362835 0.632194
0.197151 0.564137 0.490605
0.192582 0.532655 0.438016
0.205566 0.442328 0.471052
0.238403 0.437138 0.643424
0.199916 0.416851 0.438721
0.194428 0.382963 0.517670
0.241907 0.258499 0.377987
0.199018 0.569489 0.377672
0.200057 0.501710 0.501166
0.280784 0.417907 0.747086
0.282473 0.994099 0.764436
0.271958 0.979775 0.914759
0.287544 0.643834 0.552359
0.280662 0.370717 0.753833
0.296320 0.400327 0.608863
0.287393 0.276239 0.816455
0.260588 0.354023 0.839379
0.248399 0.139488 0.882992
0.226922 0.530492 0.197598
0.292427 0.819107 0.930235
0.263875 0.584537 0.487309
0.207980 0.389902 0.433817
0.284039 0.359472 0.957835
0.249124 0.330146 0.725181
0.261726 0.418494 0.553308
0.201353 0.427888 0.559615
0.192051 0.417548 0.439639
0.278133 0.427506 0.586518
0.268200 0.424833 0.592115
0.219452 0.530048 0.693201
0.294246 0.920109 0.811388
0.291826 0.774578 0.889942
0.297468 0.883536 0.291997
0.242028 0.625613 0.498579
0.181003 0.730394 0.611246
0.289634 0.646492 0.560462
0.264457 0.600432 0.601377
0.282988 0.439850 0.529679
0.254499 0.378996 0.453402
0.282749 0.361700 0.647954
0.287888 0.512562 0.475316
0.286867 0.815538 0.448540
0.253920 0.542850 0.740402
0.277344 0.457963 0.224104
0.255148 0.880790 0.992125
0.266230 0.961657 0.820834
0.293626 0.865301 0.818414
0.244905 0.705026 0.391625
0.279245 0.505697 0.546872
0.284319 0.719001 0.795104
0.268242 0.575028 0.532099
0.249142 0.844930 0.677143
0.287009 0.561113 0.251715
0.292199 0.714729 0.607934
0.274453 0.445024 0.814449
0.248798 0.392792 0.732610
0.292914 0.306597 0.757589
0.290983 0.369515 0.583817
0.242512 0.397485 0.752137
0.293817 0.726801 0.664008
0.287445 0.525004 0.811660
0.259587 0.591767 0.485550
0.280775 0.835518 0.543662
0.247664 0.379962 0.272260
0.285581 0.831907 0.287319
0.239461 0.553145 0.545694
0.259283 0.621235 0.393693
0.238717 0.416323 0.728702
0.247318 0.417120 0.376297
0.282729 0.433623 0.617913
0.264991 0.699570 0.735218
0.224709 0.711613 0.243572
0.156225 0.506790 0.433492
0.297436 0.638165 0.665348
0.245406 0.658407 0.797474
0.294277 0.841039 0.900266
0.291110 0.665145 0.499957
0.280926 0.966521 0.743922
0.281627 0.461937 0.543120
0.265392 0.985410 0.875800
0.296232 0.881185 0.376693
0.298873 0.577357 0.539381
0.252238 0.689034 0.817520
0.177979 0.802550 0.755861
0.258414 0.390714 0.474778
0.298577 0.610320 0.830812
0.287708 0.511287 0.447081
0.210878 0.653125 0.232930
0.262854 0.695087 0.523102
0.236688 0.772236 0.543664
0.262280 0.543345 0.281415
0.207796 0.390771 0.493421
0.202984 0.419566 0.482597
0.282683 0.954821 0.885136
0.293536 0.906711 0.690304
0.281035 0.655960 0.653124
0.259156 0.837595 0.792337
0.297899 0.815691 0.340464
0.196877 0.451805 0.422320
0.166477 0.291409 0.735116
0.183354 0.523211 0.424415
0.287944 0.646823 0.817740
0.189339 0.555964 0.337295
0.215389 0.763699 0.817441
0.296884 0.476216 0.500286
0.191551 0.535849 0.301687
0.286356 0.837057 0.597682
0.284492 0.442588 0.605589
0.269812 0.715407 0.713522
0.210338 0.747636 0.295541
0.219007 0.415235 0.460021
0.215185 0.500507 0.367935
0.289842 0.869830 0.906900
0.292338 0.843897 0.793293
0.275616 0.848383 0.445799
0.274650 0.856204 0.767760
0.277001 0.866857 0.683163
0.246766 0.670891 0.360264
0.293023 0.818654 0.642135
0.260759 0.932110 0.801778
0.298964 0.967652 0.884843
0.272886 0.649190 0.620632
0.272906 0.670905 0.604257
0.275811 0.658155 0.633317
0.243125 0.773398 0.806797
0.207625 0.738048 0.524473
0.242018 0.512751 0.564564
0.277516 0.865095 0.691896
0.289257 0.586261 0.528712
0.265687 0.967502 0.766840
0.291502 0.634056 0.572846
0.290064 0.866397 0.862785
0.286773 0.904069 0.910334
0.297197 0.858767 0.918172
0.294690 0.582840 0.609679
0.289157 0.877413 0.833011
0.296805 0.919625 0.844047
0.270027 0.637056 0.624361
0.273216 0.694266 0.636295
0.290751 0.503602 0.333896
0.197680 0.445112 0.454306
0.190893 0.466422 0.302284
0.286785 0.727332 0.698911
0.287226 0.957566 0.715769
0.283979 0.633827 0.221370
0.196313 0.560601 0.265899
0.277879 0.954786 0.428345
0.295094 0.921515 0.843953
0.296668 0.853866 0.877222
0.291331 0.684749 0.774513
0.275318 0.758376 0.881530
0.273491 0.681483 0.604781
0.273546 0.552712 0.651249
0.152402 0.713071 0.597773
0.229723 0.811783 0.649905
0.245762 0.768627 0.128055
0.209747 0.450799 0.343688
0.213168 0.463246 0.314237
0.245995 0.850281 0.469977
0.293216 0.798345 0.728742
0.282280 0.962858 0.860971
0.296898 0.804603 0.431058
0.287519 0.889432 0.964828
0.271936 0.592909 0.608874
0.267717 0.795991 0.611557
0.249672 0.869370 0.732836
0.192025 0.452025 0.491947
0.225316 0.163280 0.694058
0.282597 0.704872 0.467254
0.155691 0.630746 0.252320
0.252730 0.686354 0.212487
0.168711 0.623133 0.303695
0.202097 0.440855 0.306124
0.294458 0.967978 0.790609
0.250063 0.979353 0.576454
0.293268 0.864126 0.566362
0.266068 0.688988 0.706265
0.195990 0.859570 0.851328
0.181955 0.948113 0.758754
0.297845 0.618883 0.464265
0.201720 0.434668 0.468972
0.190859 0.913461 0.161711
0.199365 0.839606 0.201531
0.186620 0.510266 0.434550
0.203043 0.436511 0.396570
0.225116 0.463246 0.310886
0.275423 0.307842 0.728668
0.228054 0.952375 0.361193
0.264623 0.703053 0.615420
0.264623 0.703053 0.615420
0.274173 0.721984 0.588432
0.273892 0.728796 0.641642
0.169581 0.851793 0.584576
0.289831 0.486854 0.285907
0.286881 0.653268 0.421378
0.208393 0.421724 0.408444
0.261587 0.842006 0.494420
0.193788 0.556429 0.329439
0.263416 0.518610 0.563879
0.287477 0.759108 0.648721
0.198599 0.407506 0.417316
0.183341 0.894280 0.168611
0.217578 0.412434 0.361539
0.188952 0.536706 0.384650
0.216154 0.531745 0.540422
0.269771 0.671292 0.578299
0.274870 0.719464 0.696961
0.203807 0.894148 0.689392
0.170839 0.601148 0.590903
0.261678 0.735417 0.408864
0.278567 0.581110 0.252555
0.252466 0.664518 0.487260
0.261815 0.711710 0.633640
0.187900 0.600250 0.451247
0.296843 0.907018 0.543446
0.280415 0.587145 0.805705
0.299761 0.750297 0.711315
0.284014 0.534421 0.866029
0.230308 0.678359 0.780809
0.269680 0.152808 0.781760
0.223348 0.697409 0.267056
0.207383 0.794225 0.467305
0.278857 0.797771 0.679806
0.287377 0.898671 0.872455
0.237527 0.727838 0.402157
0.273447 0.773559 0.414939
0.291316 0.746693 0.770835
0.222934 0.774097 0.334011
0.263419 0.779300 0.747620
0.284342 0.893793 0.791265
0.291729 0.919045 0.819847
0.291321 0.599819 0.363714
0.202986 0.490146 0.437896
0.288205 0.786254 0.567965
0.274466 0.663579 0.790226
0.270629 0.746016 0.406375
0.296718 0.935822 0.767789
0.287384 0.775877 0.777478
0.260391 0.861536 0.574701
0.296311 0.918666 0.719675
0.298374 0.881994 0.603687
0.288028 0.831946 0.894910
0.285916 0.753527 0.781165
0.276617 0.682923 0.875433
0.262905 0.933045 0.727991
0.283907 0.863447 0.904442
0.255826 0.896005 0.713958
0.279996 0.957512 0.789625
0.252844 0.638870 0.965626
0.285888 0.820777 0.878292
0.251834 0.676843 0.830003
0.233795 0.907955 0.827814
0.291168 0.737475 0.742058
0.270158 0.742267 0.940906
0.293143 0.829840 0.803156
0.257607 0.853642 0.818297
0.281381 0.935658 0.442301
0.220575 0.731626 0.728912
0.206687 0.368622 0.082838
0.284957 0.713293 0.749685
0.291508 0.865838 0.734325
0.287377 0.798799 0.735394
0.272293 0.838382 0.878325
0.280934 0.723863 0.828037
0.297891 0.747549 0.718458
0.241936 0.798541 0.545872
0.249416 0.978433 0.713581
0.236824 0.854323 0.645864
0.249503 0.642731 0.956370
0.251170 0.691230 0.706351
0.225751 0.659274 0.728957
0.221411 0.137047 0.240571
0.256054 0.835314 0.894437
0.287700 0.800459 0.823833
0.291569 0.944877 0.923667
0.284210 0.924880 0.886785
0.213529 0.604105 0.514505
0.295626 0.698931 0.333313
0.292254 0.770326 0.579678
0.235030 0.616009 0.571123
0.289164 0.825613 0.370174
0.271152 0.736928 0.767538
0.288551 0.953350 0.703615
0.275684 0.867660 0.526244
0.260989 0.810989 0.656635
0.297393 0.663952 0.723212
0.291927 0.803920 0.689369
0.279647 0.986434 0.462832
0.258941 0.798492 0.394990
0.285347 0.846980 0.711780
0.250029 0.674184 0.847567
0.285286 0.786427 0.514495
0.274570 0.836553 0.781937
0.267498 0.785598 0.574585
0.296772 0.956419 0.659881
0.297805 0.896814 0.789244
0.283695 0.796107 0.542526
0.283354 0.737714 0.887139
0.288723 0.838738 0.531830
0.290398 0.836749 0.893713
0.295702 0.791257 0.660725
0.240325 0.556920 0.608154
0.260130 0.883637 0.887284
0.250187 0.670024 0.869687
0.290955 0.915846 0.894278
0.299777 0.687088 0.351214
0.269396 0.778799 0.750653
0.294416 0.651637 0.595905
0.246797 0.492006 0.659218
0.292604 0.954306 0.871295
0.286835 0.736297 0.878905
0.298454 0.807628 0.753777
0.261333 0.796575 0.511163
0.253082 0.797536 0.838672
0.254129 0.756537 0.657022
0.281182 0.809129 0.593307
0.299413 0.648206 0.750649
0.258882 0.946437 0.695836
0.285626 0.698690 0.444780
0.233504 0.917160 0.758960
0.283661 0.673146 0.779718
0.266934 0.801815 0.938860
0.291602 0.864532 0.828449
0.270887 0.871338 0.640589
0.291143 0.786666 0.637156
0.298872 0.543598 0.573353
0.289149 0.848455 0.772710
0.199729 0.826357 0.494509
0.230395 0.845010 0.634524
0.259547 0.944021 0.415625
0.295579 0.900874 0.763502
0.235252 0.772210 0.492657
0.229137 0.786565 0.815042
0.175930 0.848236 0.550765
0.267278 0.825361 0.582956
0.299242 0.519762 0.577642
0.294364 0.581657 0.724112
0.281311 0.735442 0.836263
0.263434 0.881114 0.511972
0.274546 0.634797 0.488008
0.287383 0.903797 0.540500
0.294875 0.820118 0.746182
0.293737 0.791480 0.139283
0.266418 0.851788 0.713190
0.268413 0.740673 0.517919
0.251280 0.392357 0.754858
0.160655 0.870857 0.614651
0.251207 0.970897 0.602536
0.254470 0.934606 0.618710
0.290207 0.714288 0.777875
0.281423 0.774269 0.719269
0.294501 0.916371 0.360609
0.291450 0.695223 0.461611
0.288361 0.806177 0.833279
0.293851 0.788617 0.796339
0.266912 0.388210 0.288858
0.269308 0.646348 0.470413
0.294606 0.864145 0.722333
0.265907 0.896679 0.608009
0.246207 0.708745 0.809687
0.278992 0.860550 0.624137
0.147278 0.551673 0.462064
0.219626 0.695952 0.069415
0.191853 0.688793 0.582070
0.191853 0.688793 0.582070
0.277836 0.561132 0.438577
0.252489 0.845770 0.343880
0.274265 0.564834 0.715571
0.282402 0.553905 0.659769
0.272594 0.793521 0.958681
0.283932 0.823353 0.414154
0.285757 0.448247 0.375375
0.293164 0.591587 0.532061
0.293833 0.562568 0.655534
0.269989 0.795558 0.154756
0.234214 0.519270 0.124746
0.295656 0.601919 0.386409
0.250645 0.548662 0.833045
0.292169 0.410058 0.234936
0.294348 0.693516 0.736192
0.280944 0.428822 0.237701
0.261386 0.531765 0.215540
0.281536 0.699105 0.590256
0.261386 0.531765 0.215540
0.290481 0.740558 0.669304
0.250273 0.852491 0.346158
0.255194 0.568314 0.322927
0.298909 0.390305 0.217548
0.296302 0.569654 0.658818
0.263953 0.501924 0.344404
0.283951 0.368919 0.398748
0.275791 0.614301 0.192420
