0.246728 0.071737 0.355306
0.278022 0.719016 0.393190
0.244339 0.401570 0.055700
0.291696 0.742880 0.024922
0.252509 0.488308 0.553753
0.246728 0.071737 0.355306
0.276935 0.590425 0.035208
0.291508 0.616292 0.031815
0.299720 0.539264 0.050930
0.245947 0.399202 0.066995
0.292796 0.454418 0.894078
0.298603 0.492030 0.587730
0.016880 0.395300 0.700863
0.125235 0.733224 0.355433
0.257194 0.246707 0.070163
0.246068 0.027013 0.718463
0.254992 0.497515 0.153506
0.208172 0.038427 0.767254
0.241282 0.073264 0.306931
0.291752 0.617443 0.032110
0.299441 0.539656 0.159647
0.238572 0.489293 0.280120
0.294128 0.850605 0.748209
0.289171 0.792875 0.837883
0.220838 0.668934 0.424320
0.119922 0.809493 0.659775
0.123800 0.732027 0.470977
0.124953 0.700518 0.500409
0.007151 0.903240 0.690463
0.006973 0.870670 0.925900
0.248320 0.174390 0.445966
0.279497 0.675401 0.078481
0.209161 0.030395 0.878245
0.251940 0.499765 0.044208
0.276240 0.717308 0.395750
0.206062 0.056650 0.546364
0.275480 0.587268 0.039207
0.250064 0.660324 0.516490
0.273240 0.735514 0.863333
0.294128 0.850605 0.748209
0.193394 0.835043 0.694440
0.119922 0.809493 0.659775
0.106905 0.818069 0.684439
0.026445 0.445191 0.248938
0.006523 0.606960 0.864673
0.250273 0.227064 0.803673
0.247049 0.030570 0.684641
0.253495 0.497843 0.048921
0.238307 0.066364 0.453683
0.275480 0.587268 0.039207
0.242236 0.404249 0.071545
0.258731 0.711262 0.436083
0.297786 0.880062 0.782921
0.193394 0.835043 0.694440
0.256670 0.844176 0.706363
0.113996 0.851320 0.552964
0.121184 0.729579 0.599917
0.106905 0.818069 0.684439
0.054134 0.257174 0.430279
0.045515 0.314743 0.466308
0.281008 0.052617 0.356885
0.028229 0.187536 0.928927
0.256632 0.247984 0.681740
0.238253 0.034416 0.647985
0.245867 0.458354 0.049937
0.238782 0.074060 0.405284
0.275480 0.587268 0.039207
0.287292 0.675531 0.533263
0.284097 0.907818 0.930603
0.286223 0.814082 0.861319
0.228759 0.798770 0.871636
0.245067 0.802772 0.706678
0.217424 0.737864 0.914210
0.297525 0.766746 0.867918
0.134201 0.692220 0.687607
0.149149 0.806856 0.606709
0.110472 0.960948 0.809169
0.113509 0.933676 0.786092
0.132916 0.861784 0.822266
0.270441 0.317694 0.520961
0.095975 0.501864 0.126853
0.090186 0.559684 0.250999
0.090086 0.487783 0.122034
0.279856 0.026084 0.771297
0.279975 0.028155 0.845887
0.137093 0.803049 0.593638
0.043292 0.583033 0.178589
0.020964 0.192698 0.887103
0.255892 0.248829 0.069739
0.246679 0.030462 0.590433
0.245741 0.025637 0.704075
0.244167 0.028591 0.724482
0.242063 0.505194 0.047005
0.238782 0.074060 0.405284
0.251789 0.767330 0.299718
0.249777 0.467211 0.611096
0.299923 0.794670 0.399178
0.274563 0.872570 0.903636
0.297083 0.782828 0.490142
0.285697 0.830942 0.762284
0.285401 0.823126 0.646406
0.297786 0.880062 0.782921
0.284385 0.925359 0.788086
0.293237 0.837586 0.826089
0.295981 0.839563 0.707793
0.228759 0.798770 0.871636
0.270734 0.874326 0.769734
0.262180 0.585368 0.726915
0.169931 0.836088 0.874343
0.228746 0.757484 0.926933
0.159064 0.749276 0.702050
0.221574 0.738657 0.686849
0.103642 0.949561 0.757712
0.101808 0.840420 0.746187
0.132916 0.861784 0.822266
0.270441 0.317694 0.520961
0.122055 0.652154 0.545944
0.298603 0.492030 0.587730
0.114452 0.753824 0.499996
0.047011 0.151795 0.614839
0.046882 0.134348 0.849889
0.016880 0.395300 0.700863
0.089348 0.805570 0.484944
0.232591 0.433489 0.985710
0.088693 0.513863 0.571960
0.043292 0.583033 0.178589
0.282085 0.151882 0.280337
0.009552 0.589761 0.809116
0.241429 0.055972 0.480205
0.254735 0.249666 0.318271
0.253482 0.708578 0.100589
0.244167 0.028591 0.724482
0.239588 0.161214 0.147007
0.234429 0.067410 0.511619
0.242696 0.462663 0.055978
0.238476 0.491465 0.582759
0.280231 0.669452 0.329947
0.286223 0.814082 0.861319
0.241319 0.929895 0.868165
0.219851 0.868160 0.863728
0.273240 0.735514 0.863333
0.294128 0.850605 0.748209
0.262180 0.585368 0.726915
0.172594 0.787389 0.636696
0.169903 0.734885 0.534626
0.181057 0.891889 0.803169
0.217569 0.691171 0.624105
0.140571 0.845608 0.832013
0.101808 0.840420 0.746187
0.126700 0.929442 0.557472
0.122055 0.652154 0.545944
0.094125 0.540660 0.439810
0.261812 0.734446 0.687735
0.159582 0.278065 0.104019
0.047011 0.151795 0.614839
0.016880 0.395300 0.700863
0.281166 0.025249 0.915200
0.168002 0.942359 0.801250
0.280022 0.151986 0.168626
0.126085 0.683853 0.736996
0.089348 0.805570 0.484944
0.125719 0.694286 0.465649
0.042813 0.508863 0.518246
0.021591 0.197912 0.670607
0.280994 0.019033 0.898781
0.026000 0.184476 0.855711
0.280337 0.019820 0.858485
0.254735 0.249666 0.318271
0.246679 0.030462 0.590433
0.245781 0.175979 0.144512
0.266554 0.543028 0.147435
0.244167 0.028591 0.724482
0.242696 0.462663 0.055978
0.209993 0.050558 0.505682
0.283611 0.695452 0.126922
0.260110 0.754656 0.089974
0.268951 0.624194 0.377889
0.266812 0.699215 0.487269
0.138696 0.610640 0.709880
0.168506 0.681448 0.754057
0.263465 0.423403 0.770601
0.186338 0.591102 0.662592
0.298388 0.778699 0.960607
0.269511 0.831425 0.951099
0.298152 0.690272 0.875337
0.285401 0.823126 0.646406
0.250395 0.901907 0.898338
0.281584 0.912215 0.756462
0.271536 0.934558 0.879515
0.268299 0.808743 0.966750
0.293237 0.837586 0.826089
0.278381 0.736034 0.924719
0.273240 0.735514 0.863333
0.251862 0.810580 0.850622
0.266525 0.762576 0.921544
0.252114 0.630524 0.955342
0.193394 0.835043 0.694440
0.224842 0.861768 0.681766
0.181420 0.835989 0.746443
0.192663 0.794110 0.804031
0.169903 0.734885 0.534626
0.231972 0.858958 0.636323
0.199664 0.731981 0.842978
0.129952 0.817404 0.831495
0.114241 0.792349 0.692238
0.273092 0.676982 0.527630
0.242928 0.945532 0.718404
0.108756 0.838362 0.798158
0.202260 0.581975 0.777547
0.126700 0.929442 0.557472
0.127139 0.715140 0.726525
0.111971 0.835578 0.620049
0.090449 0.909614 0.552649
0.127492 0.940300 0.714435
0.261812 0.734446 0.687735
0.124953 0.700518 0.500409
0.154373 0.218468 0.172960
0.055051 0.116724 0.929522
0.016880 0.395300 0.700863
0.250066 0.683400 0.774349
0.168002 0.942359 0.801250
0.280022 0.151986 0.168626
0.125235 0.733224 0.355433
0.074208 0.548180 0.320386
0.073169 0.463539 0.159520
0.289291 0.023445 0.830641
0.125719 0.694286 0.465649
0.063315 0.786046 0.596355
0.285144 0.180556 0.669098
0.281291 0.675045 0.066733
0.278061 0.440500 0.374096
0.289614 0.582956 0.692382
0.277215 0.581497 0.121919
0.279907 0.675780 0.039296
0.207085 0.244377 0.079414
0.296547 0.720198 0.179764
0.278455 0.673972 0.044517
0.235201 0.567803 0.047446
0.242696 0.462663 0.055978
0.238437 0.114108 0.431775
0.278163 0.716008 0.417400
0.168428 0.798474 0.920904
0.055161 0.414263 0.705960
0.081300 0.334168 0.601299
0.187169 0.875939 0.784598
0.055161 0.414263 0.705960
0.260489 0.492124 0.103800
0.082790 0.501988 0.482215
0.116951 0.539659 0.542971
0.281499 0.560542 0.169083
0.280073 0.807956 0.312447
0.250423 0.712316 0.563327
0.277198 0.838622 0.416517
0.299923 0.794670 0.399178
0.255307 0.984426 0.815119
0.265960 0.842449 0.630932
0.232439 0.859295 0.803607
0.219851 0.868160 0.863728
0.198484 0.973559 0.747376
0.209557 0.714116 0.968412
0.193394 0.835043 0.694440
0.259815 0.861278 0.954114
0.196721 0.771507 0.742879
0.234804 0.786896 0.814874
0.279450 0.785208 0.944937
0.220273 0.743195 0.680795
0.256359 0.832005 0.632406
0.199664 0.731981 0.842978
0.167124 0.755620 0.486794
0.144990 0.765429 0.661072
0.120346 0.825261 0.812914
0.145460 0.854866 0.493183
0.141662 0.837197 0.765303
0.120789 0.672842 0.786862
0.127139 0.715140 0.726525
0.111971 0.835578 0.620049
0.124077 0.807446 0.932056
0.097004 0.936977 0.501925
0.127492 0.940300 0.714435
0.261812 0.734446 0.687735
0.126048 0.959720 0.673980
0.154373 0.218468 0.172960
0.006973 0.870670 0.925900
0.055051 0.116724 0.929522
0.168002 0.942359 0.801250
0.125235 0.733224 0.355433
0.074208 0.548180 0.320386
0.235445 0.703295 0.551007
0.073169 0.463539 0.159520
0.283015 0.021781 0.569171
0.063315 0.786046 0.596355
0.285144 0.180556 0.669098
0.123782 0.458442 0.860079
0.282261 0.028393 0.670795
0.278280 0.294642 0.068260
0.254794 0.299771 0.129968
0.024491 0.210519 0.704355
0.295987 0.591284 0.478567
0.262311 0.542537 0.616253
0.241406 0.056016 0.480333
0.244411 0.082716 0.306642
0.269528 0.539973 0.531293
0.243872 0.028166 0.642914
0.242435 0.178119 0.151373
0.236114 0.538108 0.348323
0.266623 0.940406 0.431847
0.122887 0.047555 0.752695
0.180058 0.870784 0.935140
0.191307 0.409061 0.865690
0.168205 0.396834 0.721373
0.180058 0.870784 0.935140
0.178780 0.557133 0.671193
0.170301 0.407643 0.751251
0.148596 0.792360 0.743912
0.185807 0.352516 0.761454
0.110901 0.371275 0.323657
0.262405 0.505777 0.066713
0.148596 0.792360 0.743912
0.170001 0.326151 0.823708
0.177604 0.779815 0.777322
0.128090 0.372101 0.435896
0.168428 0.798474 0.920904
0.123629 0.416621 0.310795
0.087503 0.344156 0.671198
0.281499 0.560542 0.169083
0.082790 0.501988 0.482215
0.273152 0.652761 0.150892
0.080410 0.479826 0.489221
0.120259 0.562753 0.414643
0.080410 0.479826 0.489221
0.290838 0.885762 0.862471
0.159085 0.616504 0.400610
0.250395 0.901907 0.898338
0.298952 0.911343 0.709509
0.240977 0.943896 0.908391
0.269198 0.872758 0.972016
0.284385 0.925359 0.788086
0.291177 0.695592 0.799881
0.277007 0.867388 0.838858
0.286227 0.768226 0.809091
0.216700 0.735865 0.897725
0.260666 0.724843 0.818019
0.246480 0.659339 0.932948
0.205640 0.849590 0.837557
0.163139 0.802988 0.783547
0.196721 0.771507 0.742879
0.234804 0.786896 0.814874
0.298875 0.829048 0.855411
0.214637 0.769517 0.966601
0.187002 0.704304 0.836309
0.147976 0.881548 0.762710
0.264412 0.785136 0.700794
0.144990 0.765429 0.661072
0.112311 0.814054 0.866753
0.200882 0.657928 0.854643
0.115493 0.874290 0.724495
0.139381 0.782244 0.868947
0.124825 0.942150 0.781622
0.117845 0.831176 0.890432
0.119751 0.805743 0.800984
0.105387 0.884878 0.813070
0.124077 0.807446 0.932056
0.291156 0.443391 0.584272
0.291966 0.883488 0.803974
0.097004 0.936977 0.501925
0.117207 0.935571 0.922243
0.122558 0.436714 0.383093
0.151117 0.199654 0.766681
0.054443 0.123730 0.858998
0.095975 0.501864 0.126853
0.006973 0.870670 0.925900
0.082818 0.584149 0.251204
0.285198 0.284410 0.454628
0.183643 0.728071 0.286874
0.089872 0.489655 0.133334
0.125235 0.733224 0.355433
0.067582 0.584657 0.319205
0.279856 0.026084 0.771297
0.235445 0.703295 0.551007
0.073169 0.463539 0.159520
0.169482 0.796213 0.641089
0.136150 0.833846 0.747774
0.279517 0.349451 0.057649
0.111430 0.455268 0.113569
0.089906 0.978225 0.837002
0.090301 0.697818 0.714997
0.286383 0.180074 0.878027
0.274377 0.860802 0.298136
0.097285 0.220978 0.334115
0.188101 0.415997 0.300017
0.286512 0.497013 0.614770
0.293501 0.744050 0.693800
0.220662 0.271353 0.832847
0.123782 0.458442 0.860079
0.241406 0.056016 0.480333
0.217435 0.758580 0.316542
0.254927 0.595127 0.289892
0.250256 0.331147 0.190621
0.239266 0.033156 0.735744
0.244411 0.082716 0.306642
0.277020 0.574937 0.035998
0.238852 0.180553 0.166253
0.296614 0.710384 0.181944
0.250917 0.565524 0.541072
0.167226 0.458102 0.582502
0.067661 0.431000 0.411349
0.025219 0.256088 0.956754
0.220981 0.464431 0.705399
0.072775 0.412158 0.361662
0.027359 0.305045 0.751865
0.271053 0.464250 0.732559
0.130494 0.465491 0.427002
0.024426 0.365166 0.749104
0.271053 0.464250 0.732559
0.176786 0.395571 0.778338
0.086661 0.375520 0.350655
0.170453 0.541211 0.194841
0.252106 0.501391 0.753716
0.214990 0.359198 0.724335
0.086661 0.375520 0.350655
0.181687 0.958003 0.823970
0.210330 0.371811 0.781835
0.124313 0.447887 0.519755
0.180058 0.870784 0.935140
0.170512 0.436117 0.751841
0.131568 0.452725 0.514507
0.178780 0.557133 0.671193
0.185807 0.352516 0.761454
0.148596 0.792360 0.743912
0.185807 0.352516 0.761454
0.168506 0.681448 0.754057
0.142128 0.699672 0.549989
0.170001 0.326151 0.823708
0.186338 0.591102 0.662592
0.123629 0.416621 0.310795
0.087503 0.344156 0.671198
0.087503 0.344156 0.671198
0.264689 0.936087 0.759405
0.082790 0.501988 0.482215
0.274563 0.872570 0.903636
0.298152 0.690272 0.875337
0.246697 0.902791 0.718983
0.211416 0.822044 0.771015
0.266211 0.921202 0.838358
0.264551 0.909625 0.928340
0.230920 0.968625 0.835006
0.268646 0.764824 0.897409
0.295981 0.839563 0.707793
0.198484 0.973559 0.747376
0.265644 0.699577 0.836218
0.247067 0.914200 0.741690
0.224842 0.861768 0.681766
0.281518 0.764251 0.878006
0.263543 0.683482 0.846952
0.260813 0.801386 0.761648
0.176008 0.928942 0.759578
0.155061 0.830625 0.865350
0.172594 0.787389 0.636696
0.220273 0.743195 0.680795
0.122069 0.714524 0.691127
0.183380 0.693300 0.814525
0.269885 0.652245 0.793150
0.124825 0.942150 0.781622
0.116818 0.825221 0.863793
0.202260 0.581975 0.777547
0.110472 0.960948 0.809169
0.117344 0.889933 0.795647
0.113907 0.789123 0.928876
0.291156 0.443391 0.584272
0.149751 0.634478 0.828876
0.131192 0.876950 0.977685
0.092104 0.786931 0.303367
0.149048 0.930424 0.588286
0.131237 0.196788 0.230455
0.054443 0.123730 0.858998
0.114452 0.753824 0.499996
0.145018 0.968881 0.787456
0.054237 0.118393 0.941543
0.090186 0.559684 0.250999
0.007372 0.820129 0.839676
0.137189 0.570832 0.453744
0.089872 0.489655 0.133334
0.014712 0.420023 0.866225
0.281166 0.025249 0.915200
0.084808 0.483525 0.169045
0.296322 0.020772 0.571987
0.274065 0.774257 0.030460
0.042361 0.324590 0.450460
0.255583 0.360841 0.193611
0.106961 0.424056 0.213078
0.108739 0.466540 0.178037
0.110371 0.590233 0.105230
0.235445 0.703295 0.551007
0.169482 0.796213 0.641089
0.136150 0.833846 0.747774
0.281132 0.731814 0.902621
0.226878 0.697705 0.278406
0.245945 0.078524 0.639462
0.246302 0.180314 0.166898
0.242278 0.383916 0.569468
0.244141 0.176979 0.158538
0.205718 0.039198 0.760776
0.274481 0.575732 0.034933
0.203604 0.655773 0.595529
0.061146 0.429907 0.367076
0.015651 0.346754 0.957502
0.011858 0.619463 0.970015
0.011272 0.548563 0.887059
0.009522 0.688942 0.850447
0.009555 0.556803 0.890524
0.022920 0.247439 0.688949
0.064658 0.436509 0.329889
0.015651 0.346754 0.957502
0.016861 0.386881 0.913351
0.011348 0.544561 0.957882
0.231260 0.094697 0.181930
0.189203 0.593035 0.384743
0.016028 0.594059 0.552228
0.016861 0.386881 0.913351
0.013677 0.426050 0.978860
0.254106 0.510899 0.801072
0.059396 0.188971 0.405567
0.012609 0.505090 0.679670
0.019909 0.313291 0.937640
0.017158 0.361941 0.904834
0.265566 0.533920 0.711726
0.096561 0.458832 0.232689
0.020629 0.463238 0.690994
0.014680 0.517714 0.974666
0.012521 0.534498 0.946570
0.189203 0.593035 0.384743
0.159410 0.453113 0.593091
0.034071 0.534776 0.417431
0.020697 0.301985 0.987628
0.109040 0.454765 0.180862
0.067661 0.431000 0.411349
0.025219 0.256088 0.956754
0.220981 0.464431 0.705399
0.072775 0.412158 0.361662
0.027359 0.305045 0.751865
0.276811 0.444482 0.707036
0.124415 0.471094 0.473159
0.036568 0.504756 0.363100
0.271053 0.464250 0.732559
0.171679 0.389234 0.784569
0.080016 0.387261 0.453832
0.115588 0.185016 0.593858
0.252106 0.501391 0.753716
0.214990 0.359198 0.724335
0.086661 0.375520 0.350655
0.202540 0.298190 0.265438
0.170512 0.436117 0.751841
0.175550 0.424622 0.681166
0.124313 0.447887 0.519755
0.281499 0.560542 0.169083
0.219550 0.435672 0.779489
0.170301 0.407643 0.751251
0.239061 0.911263 0.875758
0.178780 0.557133 0.671193
0.197312 0.350415 0.693024
0.254474 0.809427 0.934097
0.142128 0.699672 0.549989
0.200398 0.314709 0.724901
0.170001 0.326151 0.823708
0.128090 0.372101 0.435896
0.231834 0.619089 0.519094
0.299923 0.794670 0.399178
0.087503 0.344156 0.671198
0.177720 0.633691 0.550536
0.276157 0.919856 0.960687
0.144327 0.538546 0.575322
0.259293 0.970439 0.870764
0.245215 0.889440 0.938909
0.274453 0.773916 0.904868
0.260829 0.843435 0.886634
0.287911 0.850083 0.841965
0.246600 0.870008 0.926950
0.228569 0.673124 0.926948
0.260813 0.801386 0.761648
0.252201 0.960678 0.891123
0.184615 0.691189 0.918534
0.192663 0.794110 0.804031
0.227259 0.880776 0.737620
0.252627 0.931599 0.919572
0.156681 0.761797 0.730702
0.217117 0.841818 0.689615
0.181057 0.891889 0.803169
0.129823 0.751245 0.550455
0.194745 0.606219 0.899743
0.116818 0.825221 0.863793
0.109801 0.824468 0.874700
0.096288 0.912322 0.929210
0.118534 0.895964 0.814421
0.234796 0.716150 0.701891
0.291898 0.458157 0.576980
0.092104 0.786931 0.303367
0.260516 0.023075 0.898908
0.085704 0.566944 0.123073
0.125052 0.753715 0.425847
0.090186 0.559684 0.250999
0.279124 0.354042 0.168627
0.110079 0.460900 0.107298
0.108739 0.466540 0.178037
0.107915 0.608377 0.351335
0.201639 0.493131 0.063801
0.278681 0.421264 0.497418
0.257721 0.666238 0.831938
0.284090 0.288522 0.161378
0.258776 0.697944 0.247139
0.235554 0.621505 0.302835
0.242601 0.083195 0.338688
0.275010 0.210363 0.094144
0.293107 0.311029 0.032904
0.283050 0.913745 0.923483
0.252065 0.695882 0.897424
0.126871 0.693696 0.826327
0.111539 0.567531 0.561696
0.060566 0.746899 0.087325
0.020301 0.925911 0.869267
0.014091 0.490566 0.964039
0.015749 0.638996 0.863146
0.297061 0.948061 0.920026
0.252065 0.695882 0.897424
0.134506 0.770335 0.628643
0.006310 0.637707 0.869229
0.056563 0.082205 0.849975
0.021885 0.921880 0.863057
0.013159 0.519795 0.813591
0.014372 0.643851 0.896493
0.134506 0.770335 0.628643
0.007268 0.594651 0.833547
0.009996 0.530400 0.949261
0.024566 0.815219 0.277559
0.009352 0.677393 0.797270
0.010597 0.650191 0.918536
0.011692 0.691929 0.798880
0.013762 0.819504 0.737249
0.207097 0.107343 0.173896
0.126871 0.693696 0.826327
0.007268 0.594651 0.833547
0.020518 0.495263 0.477672
0.011799 0.500182 0.893707
0.011980 0.655911 0.775687
0.265487 0.866578 0.688306
0.210744 0.628132 0.675613
0.007727 0.612314 0.689043
0.011776 0.447290 0.907597
0.011984 0.520030 0.849431
0.011467 0.550155 0.772323
0.248386 0.022057 0.632261
0.218647 0.819290 0.614798
0.034473 0.306179 0.497779
0.011954 0.539485 0.905330
0.010661 0.530208 0.909365
0.011537 0.539570 0.876453
0.008860 0.673658 0.937347
0.009552 0.570819 0.867029
0.203604 0.655773 0.595529
0.061146 0.429907 0.367076
0.013284 0.442268 0.915494
0.014226 0.432019 0.988534
0.010760 0.519161 0.855389
0.064658 0.436509 0.329889
0.015651 0.346754 0.957502
0.017670 0.353248 0.902174
0.011723 0.498894 0.939488
0.189203 0.593035 0.384743
0.013986 0.412464 0.977741
0.016861 0.386881 0.913351
0.013677 0.426050 0.978860
0.254106 0.510899 0.801072
0.055310 0.218666 0.549522
0.016991 0.440371 0.787054
0.015318 0.445920 0.936093
0.015521 0.438667 0.974081
0.011072 0.611347 0.854754
0.254106 0.510899 0.801072
0.096561 0.458832 0.232689
0.022434 0.411532 0.665876
0.016551 0.378204 0.969476
0.189203 0.593035 0.384743
0.096561 0.458832 0.232689
0.034071 0.534776 0.417431
0.020697 0.301985 0.987628
0.102832 0.456393 0.208106
0.036267 0.432473 0.472258
0.025219 0.256088 0.956754
0.260489 0.492124 0.103800
0.225627 0.430405 0.745532
0.124415 0.471094 0.473159
0.018265 0.509258 0.683711
0.024426 0.365166 0.749104
0.017658 0.432592 0.861152
0.276811 0.444482 0.707036
0.117167 0.474190 0.479198
0.033941 0.655491 0.325887
0.271053 0.464250 0.732559
0.171679 0.389234 0.784569
0.080016 0.387261 0.453832
0.176786 0.395571 0.778338
0.080016 0.387261 0.453832
0.290485 0.612795 0.420676
0.131568 0.452725 0.514507
0.280073 0.807956 0.312447
0.288764 0.613946 0.514055
0.168205 0.396834 0.721373
0.197312 0.350415 0.693024
0.298152 0.690272 0.875337
0.185807 0.352516 0.761454
0.297083 0.782828 0.490142
0.248148 0.709127 0.836969
0.131906 0.349024 0.583344
0.211416 0.822044 0.771015
0.286223 0.814082 0.861319
0.246057 0.841963 0.954480
0.234206 0.914337 0.847886
0.247282 0.805492 0.892291
0.193394 0.835043 0.694440
0.280223 0.747232 0.972429
0.214637 0.769517 0.966601
0.238802 0.820495 0.706317
0.252298 0.650190 0.865007
0.145353 0.838903 0.903554
0.217569 0.691171 0.624105
0.129952 0.817404 0.831495
0.137162 0.784906 0.737468
0.114606 0.855087 0.971233
0.288699 0.019749 0.716532
0.128876 0.969768 0.564998
0.295387 0.019127 0.625222
0.295355 0.020928 0.567169
0.134430 0.492315 0.669239
0.265659 0.446349 0.921116
0.256430 0.965237 0.027772
0.261224 0.369270 0.505830
0.242278 0.383916 0.569468
0.219340 0.377070 0.161496
0.274481 0.575732 0.034933
0.260521 0.945597 0.918664
0.194989 0.936214 0.924939
0.128751 0.855003 0.721189
0.121018 0.695930 0.415891
0.088567 0.678745 0.553346
0.097743 0.424475 0.815381
0.012486 0.547960 0.897755
0.134656 0.873631 0.855653
0.074272 0.837124 0.871866
0.066894 0.700616 0.222784
0.166786 0.094686 0.720401
0.194989 0.936214 0.924939
0.109170 0.853149 0.777577
0.066959 0.769250 0.866744
0.115658 0.526063 0.312578
0.064255 0.842886 0.874628
0.016948 0.692471 0.787702
0.248007 0.024431 0.608695
0.217348 0.899021 0.759184
0.223242 0.909257 0.769209
0.109170 0.853149 0.777577
0.062628 0.770544 0.870274
0.108838 0.535605 0.318884
0.064261 0.844360 0.881736
0.016835 0.709942 0.772828
0.276772 0.020993 0.658951
0.189696 0.888819 0.940309
0.111539 0.567531 0.561696
0.128751 0.855003 0.721189
0.066983 0.769065 0.863759
0.063404 0.311836 0.944969
0.068710 0.841939 0.883478
0.015559 0.787164 0.862063
0.016086 0.660623 0.963050
0.266811 0.894321 0.847864
0.189696 0.888819 0.940309
0.105479 0.721575 0.835746
0.066113 0.711769 0.088366
0.088567 0.678745 0.553346
0.023987 0.919413 0.731086
0.022671 0.478074 0.563476
0.063174 0.640783 0.248377
0.090663 0.786047 0.479399
0.015404 0.821698 0.785676
0.251532 0.717089 0.817175
0.217348 0.899021 0.759184
0.105479 0.721575 0.835746
0.066385 0.776482 0.776643
0.020385 0.927389 0.841381
0.059660 0.653672 0.279424
0.015685 0.740553 0.828246
0.259823 0.710294 0.876952
0.126871 0.693696 0.826327
0.109369 0.643717 0.718777
0.066385 0.776482 0.776643
0.019098 0.931350 0.871829
0.040109 0.311308 0.516952
0.015696 0.705718 0.886634
0.236360 0.706327 0.536285
0.022920 0.247439 0.688949
0.258630 0.716369 0.821068
0.120191 0.717538 0.807384
0.006310 0.637707 0.869229
0.066113 0.711769 0.088366
0.008667 0.654916 0.900102
0.021896 0.921140 0.799716
0.008685 0.737908 0.811370
0.013515 0.549223 0.924658
0.014372 0.643851 0.896493
0.016146 0.779188 0.835222
0.251532 0.717089 0.817175
0.134506 0.770335 0.628643
0.005500 0.774385 0.780363
0.019816 0.918761 0.428800
0.012854 0.435238 0.967918
0.014073 0.668290 0.831158
0.134506 0.770335 0.628643
0.006912 0.641623 0.826337
0.019816 0.918761 0.428800
0.013836 0.401062 0.926298
0.013073 0.714869 0.786529
0.203604 0.655773 0.595529
0.126871 0.693696 0.826327
0.007268 0.594651 0.833547
0.020518 0.495263 0.477672
0.011799 0.500182 0.893707
0.006987 0.932489 0.874708
0.011980 0.655911 0.775687
0.218647 0.819290 0.614798
0.034473 0.306179 0.497779
0.010831 0.602817 0.867106
0.009996 0.530400 0.949261
0.012364 0.503727 0.898224
0.009352 0.677393 0.797270
0.010930 0.504338 0.869132
0.218647 0.819290 0.614798
0.061146 0.429907 0.367076
0.014682 0.377932 0.886052
0.012364 0.503727 0.898224
0.012129 0.454529 0.898816
0.296275 0.595328 0.684547
0.061146 0.429907 0.367076
0.017026 0.322318 0.877520
0.015037 0.425891 0.879623
0.012526 0.457204 0.912421
0.262405 0.505777 0.066713
0.189203 0.593035 0.384743
0.037213 0.279290 0.444191
0.015651 0.346754 0.957502
0.014226 0.432019 0.988534
0.012521 0.534498 0.946570
0.011723 0.498894 0.939488
0.274729 0.724592 0.614384
0.051268 0.268689 0.485561
0.019909 0.313291 0.937640
0.013278 0.466215 0.978819
0.254106 0.510899 0.801072
0.090542 0.460821 0.269852
0.023522 0.386976 0.626994
0.017158 0.361941 0.904834
0.290307 0.720396 0.828834
0.275757 0.605951 0.588285
0.096561 0.458832 0.232689
0.032225 0.623564 0.359240
0.021682 0.267435 0.996909
0.281499 0.560542 0.169083
0.284209 0.450909 0.581071
0.059396 0.188971 0.405567
0.077872 0.403361 0.319482
0.020629 0.463238 0.690994
0.023163 0.299761 0.877810
0.015521 0.438667 0.974081
0.254474 0.809427 0.934097
0.277849 0.657422 0.497818
0.117167 0.474190 0.479198
0.029545 0.279638 0.703603
0.164353 0.387314 0.776988
0.032077 0.780258 0.271132
0.250423 0.712316 0.563327
0.171679 0.389234 0.784569
0.033941 0.655491 0.325887
0.268806 0.620574 0.633648
0.130494 0.465491 0.427002
0.124313 0.447887 0.519755
0.020643 0.435680 0.747626
0.274563 0.872570 0.903636
0.161902 0.392305 0.704204
0.255307 0.984426 0.815119
0.287634 0.676099 0.591109
0.198239 0.343937 0.659387
0.297617 0.714551 0.735008
0.197312 0.350415 0.693024
0.177720 0.633691 0.550536
0.276157 0.919856 0.960687
0.286450 0.882439 0.831140
0.222793 0.367496 0.429581
0.272477 0.789506 0.911620
0.219851 0.868160 0.863728
0.198484 0.973559 0.747376
0.243345 0.914568 0.883668
0.176008 0.928942 0.759578
0.262009 0.514199 0.048979
0.146646 0.040157 0.894579
0.179116 0.824492 0.895621
0.135106 0.760163 0.717825
0.194019 0.723815 0.818474
0.256483 0.961852 0.026682
0.230784 0.665516 0.659777
0.284576 0.446432 0.913983
0.204949 0.411044 0.613038
0.298371 0.841181 0.884917
0.268224 0.844342 0.509681
0.279875 0.789153 0.882019
0.152221 0.772749 0.751702
0.141327 0.938613 0.773884
0.213916 0.822794 0.857536
0.196968 0.769455 0.880587
0.289040 0.890320 0.721613
0.202918 0.604244 0.932569
0.243114 0.054222 0.689730
0.254412 0.880776 0.873314
0.152221 0.772749 0.751702
0.125856 0.970287 0.876294
0.198280 0.852299 0.800702
0.191544 0.625399 0.903061
0.222712 0.059239 0.705992
0.281281 0.920525 0.890676
0.279758 0.781177 0.811334
0.235538 0.859930 0.821706
0.132197 0.721846 0.670440
0.134045 0.916448 0.792196
0.184116 0.770602 0.879605
0.164572 0.880105 0.643380
0.125846 0.899263 0.997054
0.192709 0.072202 0.668419
0.263294 0.947145 0.938732
0.199289 0.899187 0.833908
0.085081 0.573006 0.671479
0.088140 0.439563 0.163101
0.146214 0.764339 0.519800
0.155185 0.651413 0.357884
0.170990 0.878057 0.934781
0.128009 0.910173 0.926911
0.155257 0.633409 0.773141
0.181907 0.256123 0.274434
0.236790 0.059544 0.670042
0.282555 0.960791 0.815518
0.185002 0.899201 0.847917
0.103382 0.747841 0.703429
0.131390 0.941235 0.891287
0.114991 0.920085 0.941583
0.173718 0.316955 0.747350
0.200224 0.076512 0.729075
0.216475 0.069003 0.681857
0.276147 0.922999 0.889383
0.223242 0.909257 0.769209
0.211086 0.878444 0.830902
0.102103 0.852943 0.780239
0.134126 0.915295 0.685431
0.112625 0.910703 0.926055
0.090928 0.822462 0.510085
0.058136 0.748958 0.288164
0.187009 0.080753 0.724008
0.254543 0.938789 0.934902
0.202737 0.908426 0.866379
0.144384 0.852966 0.710991
0.111129 0.711704 0.435261
0.077276 0.550661 0.136248
0.142842 0.666409 0.372283
0.133974 0.498095 0.132975
0.135686 0.901709 0.823165
0.064274 0.842233 0.862553
0.014053 0.637410 0.939017
0.176188 0.089263 0.696844
0.287638 0.748624 0.884634
0.260521 0.945597 0.918664
0.194989 0.936214 0.924939
0.117966 0.853455 0.744878
0.072216 0.703559 0.721001
0.116642 0.879989 0.909075
0.060575 0.843889 0.871095
0.166786 0.094686 0.720401
0.283987 0.893281 0.943637
0.194989 0.936214 0.924939
0.109170 0.853149 0.777577
0.062811 0.808840 0.822051
0.111359 0.911319 0.563159
0.060568 0.844295 0.874856
0.016086 0.660623 0.963050
0.016567 0.700709 0.844832
0.217348 0.899021 0.759184
0.223242 0.909257 0.769209
0.117966 0.853455 0.744878
0.066959 0.769250 0.866744
0.115658 0.526063 0.312578
0.073025 0.602952 0.208781
0.074272 0.837124 0.871866
0.016835 0.709942 0.772828
0.189696 0.888819 0.940309
0.109369 0.643717 0.718777
0.144384 0.852966 0.710991
0.078534 0.774619 0.651903
0.079162 0.690965 0.675660
0.022463 0.926391 0.867779
0.077492 0.133396 0.625336
0.064235 0.848502 0.888311
0.015860 0.780211 0.763056
0.189696 0.888819 0.940309
0.105681 0.834715 0.786838
0.066977 0.768742 0.862781
0.020392 0.897997 0.911996
0.063937 0.849850 0.691760
0.015404 0.821698 0.785676
0.251532 0.717089 0.817175
0.217348 0.899021 0.759184
0.105479 0.721575 0.835746
0.062629 0.770173 0.869261
0.019468 0.927870 0.872650
0.059660 0.653672 0.279424
0.015696 0.705718 0.886634
0.015616 0.791695 0.906743
0.258630 0.716369 0.821068
0.126871 0.693696 0.826327
0.111539 0.567531 0.561696
0.004828 0.901044 0.789829
0.071704 0.775332 0.727929
0.023946 0.274276 0.833143
0.022020 0.926060 0.822710
0.014091 0.490566 0.964039
0.050836 0.203618 0.860004
0.015933 0.651170 0.906917
0.289607 0.834495 0.725504
0.134506 0.770335 0.628643
0.005500 0.774385 0.780363
0.020293 0.932427 0.932450
0.015203 0.430650 0.977206
0.015838 0.616157 0.869447
0.134506 0.770335 0.628643
0.006912 0.641623 0.826337
0.019074 0.971781 0.916952
0.014174 0.461682 0.798731
0.014073 0.668290 0.831158
0.223481 0.379021 0.074010
0.296275 0.595328 0.684547
0.126871 0.693696 0.826327
0.007268 0.594651 0.833547
0.021293 0.408047 0.556805
0.009419 0.653834 0.820966
0.012854 0.435238 0.967918
0.011980 0.655911 0.775687
0.013762 0.819504 0.737249
0.218647 0.819290 0.614798
0.034473 0.306179 0.497779
0.011983 0.499379 0.880058
0.011984 0.520030 0.849431
0.011467 0.550155 0.772323
0.253897 0.739801 0.821194
0.057965 0.424413 0.401880
0.015578 0.344800 0.939497
0.012879 0.457852 0.965088
0.010930 0.504338 0.869132
0.264350 0.680959 0.615680
0.061146 0.429907 0.367076
0.017026 0.322318 0.877520
0.015037 0.425891 0.879623
0.009522 0.688942 0.850447
0.009555 0.556803 0.890524
0.251199 0.614162 0.693169
0.037213 0.279290 0.444191
0.014891 0.530668 0.535234
0.013284 0.442268 0.915494
0.015318 0.445920 0.936093
0.011293 0.592636 0.835590
0.011723 0.498894 0.939488
0.289140 0.747435 0.329226
0.231573 0.634074 0.699096
0.051268 0.268689 0.485561
0.021313 0.293447 0.884760
0.013677 0.426050 0.978860
0.260017 0.712617 0.618872
0.090542 0.460821 0.269852
0.023522 0.386976 0.626994
0.017158 0.361941 0.904834
0.269511 0.831425 0.951099
0.261593 0.701140 0.676380
0.096561 0.458832 0.232689
0.022434 0.411532 0.665876
0.019519 0.350576 0.987776
0.012521 0.534498 0.946570
0.291984 0.952567 0.848295
0.246196 0.665039 0.814152
0.245230 0.592691 0.582455
0.268221 0.049261 0.366135
0.067661 0.431000 0.411349
0.026506 0.227842 0.948844
0.230087 0.714869 0.711704
0.110043 0.477540 0.489166
0.029545 0.279638 0.703603
0.299287 0.912676 0.782785
0.277034 0.684241 0.704707
0.117167 0.474190 0.479198
0.032077 0.780258 0.271132
0.248148 0.709127 0.836969
0.251646 0.813378 0.820955
0.278145 0.720701 0.577163
0.124415 0.471094 0.473159
0.080016 0.387261 0.453832
0.020581 0.368843 0.891642
0.270508 0.895538 0.842005
0.296043 0.730344 0.887113
0.244990 0.965013 0.751408
0.297930 0.675716 0.762398
0.292673 0.669515 0.155826
0.116834 0.448205 0.522509
0.255382 0.855447 0.800611
0.161902 0.392305 0.704204
0.273735 0.824416 0.902936
0.168205 0.396834 0.721373
0.218035 0.760213 0.869201
0.272439 0.912245 0.911397
0.230920 0.968625 0.835006
0.235411 0.842098 0.877907
0.260666 0.724843 0.818019
0.289213 0.497973 0.048915
0.289084 0.494619 0.036760
0.253193 0.473409 0.046807
0.252896 0.474383 0.045950
0.288699 0.019749 0.716532
0.258454 0.421580 0.058301
0.258584 0.419064 0.056894
0.222272 0.838287 0.854802
0.141674 0.915630 0.774775
0.289143 0.019507 0.627893
0.291564 0.758464 0.025516
0.251876 0.035411 0.638703
0.267680 0.769331 0.033062
0.297736 0.355220 0.624180
0.278883 0.854283 0.327277
0.264569 0.899117 0.231582
0.288623 0.787069 0.360663
0.293424 0.787527 0.624736
0.284094 0.068447 0.475439
0.206384 0.885216 0.953260
0.197438 0.925528 0.931618
0.296117 0.930030 0.860770
0.287108 0.652098 0.811667
0.197449 0.930945 0.942028
0.235821 0.777676 0.793745
0.293453 0.746338 0.731242
0.216369 0.969371 0.851404
0.163517 0.895323 0.917307
0.297017 0.869462 0.733640
0.287173 0.736594 0.885267
0.170899 0.812068 0.899374
0.286355 0.837439 0.862445
0.279758 0.781177 0.811334
0.288428 0.735172 0.838396
0.170899 0.812068 0.899374
0.199615 0.857173 0.778032
0.286355 0.837439 0.862445
0.246015 0.593336 0.705859
0.295623 0.790908 0.769040
0.279875 0.789153 0.882019
0.286616 0.642003 0.887261
0.139707 0.513175 0.604766
0.162939 0.893044 0.870271
0.151054 0.957060 0.747798
0.299267 0.725432 0.747372
0.222276 0.870254 0.759683
0.211126 0.586345 0.717696
0.282227 0.751277 0.969168
0.143914 0.849069 0.876941
0.175330 0.916864 0.898509
0.137916 0.891193 0.910551
0.225856 0.792501 0.961579
0.211126 0.586345 0.717696
0.243114 0.054222 0.689730
0.265229 0.837197 0.814284
0.131929 0.895640 0.745858
0.130135 0.893530 0.915237
0.225856 0.792501 0.961579
0.142148 0.927377 0.590674
0.211126 0.586345 0.717696
0.206311 0.065405 0.733269
0.281281 0.920525 0.890676
0.254412 0.880776 0.873314
0.211086 0.878444 0.830902
0.106426 0.695963 0.581190
0.043979 0.160262 0.807500
0.131332 0.996415 0.876591
0.157428 0.978613 0.629390
0.213338 0.733988 0.923241
0.125839 0.871284 0.975165
0.269802 0.592447 0.713227
0.192709 0.072202 0.668419
0.263294 0.947145 0.938732
0.185002 0.899201 0.847917
0.103382 0.747841 0.703429
0.166792 0.950933 0.710238
0.135701 0.932567 0.869364
0.119679 0.874394 0.970589
0.192709 0.072202 0.668419
0.216475 0.069003 0.681857
0.263294 0.947145 0.938732
0.185002 0.899201 0.847917
0.097968 0.945723 0.781549
0.129258 0.925331 0.870545
0.122242 0.920301 0.941023
0.058136 0.748958 0.288164
0.222712 0.059239 0.705992
0.200224 0.076512 0.729075
0.276147 0.922999 0.889383
0.223242 0.909257 0.769209
0.192738 0.891042 0.837181
0.144384 0.852966 0.710991
0.103382 0.747841 0.703429
0.137126 0.964116 0.889146
0.134656 0.873631 0.855653
0.136497 0.909806 0.940590
0.060495 0.832940 0.793872
0.187009 0.080753 0.724008
0.254543 0.938789 0.934902
0.194989 0.936214 0.924939
0.207187 0.852748 0.662912
0.117966 0.853455 0.744878
0.043979 0.160262 0.807500
0.067028 0.739899 0.751831
0.171434 0.627363 0.315667
0.116968 0.889087 0.871477
0.060580 0.844396 0.866801
0.016567 0.700709 0.844832
0.200224 0.076512 0.729075
0.254543 0.938789 0.934902
0.205021 0.831888 0.965175
0.102028 0.855285 0.785303
0.082421 0.713135 0.809030
0.110277 0.891005 0.894733
0.090663 0.786047 0.479399
0.064274 0.842233 0.862553
0.166786 0.094686 0.720401
0.283987 0.893281 0.943637
0.202232 0.986149 0.888658
0.109065 0.855653 0.754188
0.062811 0.808840 0.822051
0.023382 0.856218 0.377367
0.119097 0.894187 0.557267
0.064255 0.842886 0.874628
0.060164 0.186249 0.792245
0.016948 0.692471 0.787702
0.197143 0.933223 0.840414
0.223242 0.909257 0.769209
0.109369 0.643717 0.718777
0.129545 0.851542 0.732270
0.072367 0.767601 0.857280
0.070029 0.580564 0.161710
0.059812 0.339566 0.902050
0.060558 0.850390 0.886458
0.016835 0.709942 0.772828
0.189696 0.888819 0.940309
0.105681 0.834715 0.786838
0.062637 0.770124 0.868782
0.057002 0.336621 0.901095
0.064235 0.848502 0.888311
0.015404 0.821698 0.785676
0.015558 0.737343 0.903164
0.189696 0.888819 0.940309
0.105681 0.834715 0.786838
0.062637 0.770124 0.868782
0.020392 0.897997 0.911996
0.013515 0.549223 0.924658
0.073901 0.815800 0.644912
0.015569 0.773189 0.779791
0.126871 0.693696 0.826327
0.109369 0.643717 0.718777
0.004828 0.901044 0.789829
0.078534 0.774619 0.651903
0.021885 0.921880 0.863057
0.023382 0.856218 0.377367
0.040109 0.311308 0.516952
0.016221 0.677234 0.828412
0.134506 0.770335 0.628643
0.045818 0.110724 0.775271
0.019020 0.935869 0.927503
0.038583 0.346171 0.462346
0.015933 0.651170 0.906917
0.124774 0.770465 0.751798
0.043450 0.146626 0.651530
0.019074 0.971781 0.916952
0.013159 0.519795 0.813591
0.014073 0.668290 0.831158
0.016509 0.699034 0.835068
0.219365 0.762255 0.866713
0.257285 0.665088 0.610084
0.227004 0.559964 0.764127
0.005500 0.774385 0.780363
0.010082 0.593398 0.916231
0.020480 0.940528 0.348343
0.011799 0.500182 0.893707
0.010597 0.650191 0.918536
0.013073 0.714869 0.786529
0.257698 0.690105 0.640211
0.288404 0.372500 0.703377
0.032125 0.332117 0.486960
0.004828 0.901044 0.789829
0.013921 0.392717 0.891649
0.013144 0.511271 0.737142
0.012815 0.587202 0.783990
0.291641 0.842093 0.638256
0.249413 0.726677 0.820467
0.057965 0.424413 0.401880
0.016637 0.322432 0.894034
0.013253 0.484009 0.829878
0.008860 0.673658 0.937347
0.011467 0.550155 0.772323
0.285800 0.802331 0.902676
0.242710 0.804586 0.878075
0.200165 0.274493 0.422598
0.015578 0.344800 0.939497
0.011858 0.619463 0.970015
0.012879 0.457852 0.965088
0.010760 0.519161 0.855389
0.245305 0.909707 0.805687
0.287393 0.448029 0.672215
0.209776 0.338820 0.417592
0.015493 0.583392 0.615981
0.011983 0.499379 0.880058
0.017670 0.353248 0.902174
0.012526 0.457204 0.912421
0.247862 0.932353 0.828761
0.203826 0.663771 0.926826
0.240282 0.337110 0.118145
0.047902 0.308009 0.475840
0.022156 0.279730 0.852443
0.013922 0.435076 0.880884
0.228276 0.777139 0.902402
0.047902 0.308009 0.475840
0.024941 0.353987 0.644977
0.015521 0.438667 0.974081
0.013278 0.466215 0.978819
0.297528 0.838633 0.883320
0.276018 0.807457 0.885477
0.225740 0.924521 0.741108
0.250204 0.668700 0.775920
0.202493 0.662297 0.271399
0.036267 0.432473 0.472258
0.018789 0.360137 0.912661
0.021682 0.267435 0.996909
0.262946 0.855068 0.875195
0.216407 0.818396 0.827080
0.285676 0.501604 0.080871
0.204754 0.288571 0.461944
0.026506 0.227842 0.948844
0.294727 0.847321 0.670682
0.222144 0.921627 0.830075
0.110043 0.477540 0.489166
0.029545 0.279638 0.703603
0.279287 0.930084 0.906645
0.254871 0.854103 0.848833
0.277491 0.813803 0.895795
0.224150 0.479658 0.485804
0.033941 0.655491 0.325887
0.017658 0.432592 0.861152
0.250587 0.944283 0.836341
0.225958 0.939559 0.976009
0.276963 0.259184 0.406052
0.244274 0.925737 0.933250
0.289084 0.494619 0.036760
0.239494 0.458874 0.059573
0.268152 0.709127 0.915819
0.259567 0.900452 0.922273
0.288942 0.486484 0.030865
0.258570 0.424661 0.057083
0.258454 0.421580 0.058301
0.267446 0.768439 0.030884
0.259815 0.861278 0.954114
0.264569 0.899117 0.231582
0.253258 0.397889 0.552892
0.284773 0.880811 0.901539
0.253258 0.397889 0.552892
0.296107 0.909111 0.847988
0.270949 0.843563 0.736348
0.270949 0.843563 0.736348
0.270949 0.843563 0.736348
0.220490 0.850062 0.750418
0.274435 0.779484 0.962816
0.216369 0.969371 0.851404
0.197449 0.930945 0.942028
0.173050 0.628685 0.666932
0.235923 0.766727 0.953709
0.299410 0.669382 0.787334
0.241374 0.797955 0.940318
0.175330 0.916864 0.898509
0.287173 0.736594 0.885267
0.235388 0.951855 0.768512
0.183525 0.806770 0.898191
0.290843 0.686840 0.939782
0.213237 0.751156 0.813956
0.269802 0.592447 0.713227
0.279758 0.781177 0.811334
0.282020 0.712027 0.918758
0.225882 0.755754 0.808864
0.166792 0.950933 0.710238
0.241026 0.815587 0.972207
0.246015 0.593336 0.705859
0.279875 0.789153 0.882019
0.272337 0.811796 0.748759
0.132197 0.721846 0.670440
0.172171 0.914581 0.882999
0.147503 0.888612 0.903866
0.238613 0.964883 0.775232
0.225931 0.590185 0.721535
0.282227 0.751277 0.969168
0.148907 0.757499 0.985469
0.170199 0.941604 0.700186
0.156947 0.831034 0.877839
0.239143 0.774666 0.971302
0.131113 0.919651 0.737140
0.269802 0.592447 0.713227
0.243114 0.054222 0.689730
0.265229 0.837197 0.814284
0.148907 0.757499 0.985469
0.147503 0.888612 0.903866
0.159263 0.952720 0.899374
0.245192 0.830360 0.963756
0.191544 0.625399 0.903061
0.222712 0.059239 0.705992
0.281281 0.920525 0.890676
0.254412 0.880776 0.873314
0.211086 0.878444 0.830902
0.135317 0.715451 0.698542
0.099297 0.788464 0.692689
0.156046 0.931010 0.941145
0.147639 0.874428 0.946466
0.264330 0.782491 0.739928
0.182812 0.655577 0.876591
0.014811 0.666068 0.909283
0.222712 0.059239 0.705992
0.263294 0.947145 0.938732
0.174059 0.903127 0.870198
0.114769 0.800452 0.951141
0.139340 0.870760 0.950981
0.165597 0.872048 0.770524
0.125839 0.871284 0.975165
0.181907 0.256123 0.274434
0.216475 0.069003 0.681857
0.263294 0.947145 0.938732
0.174059 0.903127 0.870198
0.114769 0.800452 0.951141
0.047138 0.156556 0.740838
0.135701 0.932567 0.869364
0.125410 0.902401 0.843289
0.139074 0.680461 0.921974
0.173718 0.316955 0.747350
0.200224 0.076512 0.729075
0.216475 0.069003 0.681857
0.276147 0.922999 0.889383
0.202232 0.986149 0.888658
0.192738 0.891042 0.837181
0.129545 0.851542 0.732270
0.065468 0.593043 0.161969
0.092083 0.647340 0.630593
0.159263 0.952720 0.899374
0.106895 0.910351 0.924990
0.165315 0.349425 0.836829
0.187009 0.080753 0.724008
0.205021 0.831888 0.965175
0.101910 0.857919 0.763472
0.119545 0.678530 0.728871
0.175831 0.841131 0.043823
0.110595 0.903491 0.878107
0.064270 0.840703 0.871996
0.052047 0.241224 0.717235
0.176188 0.089263 0.696844
0.205021 0.831888 0.965175
0.101910 0.857919 0.763472
0.086186 0.723222 0.743448
0.067121 0.307978 0.477170
0.125011 0.888488 0.844335
0.057446 0.847142 0.873664
0.166786 0.094686 0.720401
0.217348 0.899021 0.759184
0.202232 0.986149 0.888658
0.093609 0.691481 0.550964
0.118027 0.853963 0.741584
0.079322 0.766305 0.852192
0.045294 0.828021 0.174453
0.104887 0.931612 0.563750
0.057453 0.846899 0.880709
0.016835 0.709942 0.772828
0.016567 0.700709 0.844832
0.270600 0.666260 0.888675
0.104524 0.910480 0.677448
0.144996 0.844559 0.618122
0.062636 0.770422 0.868871
0.103902 0.536514 0.328852
0.011864 0.766273 0.814106
0.064261 0.844360 0.881736
0.016155 0.766357 0.775226
0.274878 0.616212 0.922537
0.113774 0.841067 0.752072
0.059043 0.771619 0.874092
0.059812 0.339566 0.902050
0.063937 0.849850 0.691760
0.091112 0.831694 0.862404
0.015461 0.829928 0.739280
0.270967 0.665421 0.888678
0.288404 0.372500 0.703377
0.104524 0.910480 0.677448
0.004922 0.891727 0.775910
0.072367 0.767601 0.857280
0.020385 0.927389 0.841381
0.022671 0.478074 0.563476
0.060262 0.863760 0.704451
0.015569 0.773189 0.779791
0.240491 0.464676 0.722499
0.093609 0.691481 0.550964
0.056258 0.768546 0.096678
0.019098 0.931350 0.871829
0.056663 0.664969 0.301544
0.015933 0.651170 0.906917
0.015616 0.791695 0.906743
0.200451 0.558182 0.776346
0.052803 0.785324 0.111939
0.019020 0.935869 0.927503
0.010146 0.574149 0.936614
0.013515 0.549223 0.924658
0.016508 0.564593 0.954451
0.234381 0.639990 0.959956
0.242422 0.957588 0.664082
0.245495 0.492085 0.845080
0.045818 0.110724 0.775271
0.009072 0.642489 0.943047
0.021885 0.921880 0.863057
0.015138 0.424646 0.799067
0.014375 0.642343 0.798228
0.251891 0.896032 0.645226
0.222468 0.464777 0.898539
0.011698 0.487849 0.664236
0.005024 0.809195 0.870350
0.020518 0.495263 0.477672
0.015030 0.434147 0.760898
0.007570 0.769834 0.886206
0.013073 0.714869 0.786529
0.230323 0.849771 0.867160
0.234789 0.695579 0.543844
0.187358 0.439526 0.327012
0.021097 0.604204 0.396168
0.013144 0.511271 0.737142
0.012753 0.467888 0.845384
0.263749 0.881096 0.940611
0.222888 0.854583 0.924870
0.281208 0.679948 0.631849
0.173180 0.758297 0.512629
0.268863 0.034620 0.488631
0.016637 0.322432 0.894034
0.015037 0.425891 0.879623
0.009352 0.677393 0.797270
0.013587 0.477566 0.781105
0.134799 0.628813 0.418043
0.275347 0.797872 0.936319
0.248809 0.845690 0.888390
0.205613 0.761255 0.768700
0.201321 0.674960 0.104472
0.010082 0.593398 0.916231
0.018335 0.370091 0.789026
0.283428 0.902378 0.900022
0.227782 0.736230 0.793405
0.269333 0.768778 0.756820
0.189747 0.226366 0.360069
0.279229 0.304182 0.061847
0.276420 0.913337 0.899098
0.214184 0.907459 0.830915
0.205844 0.850213 0.808083
0.282754 0.020217 0.722643
0.278930 0.295805 0.052875
0.213128 0.945806 0.872099
0.267134 0.820097 0.851067
0.262235 0.502013 0.037792
0.252139 0.471137 0.042818
0.255149 0.785757 0.879931
0.267515 0.770822 0.031342
0.267446 0.768439 0.030884
0.270894 0.559236 0.892613
0.295876 0.776063 0.879719
0.261397 0.798868 0.911699
0.256267 0.946167 0.569461
0.239918 0.874747 0.800681
0.261793 0.833014 0.847316
0.275983 0.792451 0.876425
0.282341 0.970158 0.815700
0.292857 0.866528 0.867027
0.275497 0.871081 0.884200
0.278147 0.886365 0.802705
0.291910 0.853821 0.869871
0.284773 0.880811 0.901539
0.250112 0.805060 0.773806
0.284773 0.880811 0.901539
0.296107 0.909111 0.847988
0.197449 0.930945 0.942028
0.272455 0.817605 0.780538
0.284990 0.804379 0.799323
0.199170 0.786536 0.901208
0.288428 0.735172 0.838396
0.225355 0.921415 0.918632
0.225882 0.755754 0.808864
0.289040 0.890320 0.721613
0.290843 0.686840 0.939782
0.211293 0.713716 0.792850
0.259642 0.823941 0.769568
0.286355 0.837439 0.862445
0.269802 0.592447 0.713227
0.242980 0.833333 0.832612
0.282020 0.712027 0.918758
0.147856 0.662345 0.474545
0.241583 0.758927 0.783203
0.179563 0.827958 0.878030
0.267301 0.883446 0.844410
0.269802 0.592447 0.713227
0.279875 0.789153 0.882019
0.272337 0.811796 0.748759
0.150444 0.797318 0.751161
0.218459 0.781484 0.890436
0.221552 0.722043 0.831087
0.251747 0.918139 0.815605
0.225931 0.590185 0.721535
0.282227 0.751277 0.969168
0.198836 0.887327 0.898044
0.142793 0.776419 0.947904
0.146173 0.913153 0.045446
0.221552 0.722043 0.831087
0.170990 0.878057 0.934781
0.267301 0.883446 0.844410
0.202918 0.604244 0.932569
0.243114 0.054222 0.689730
0.265229 0.837197 0.814284
0.186391 0.869348 0.889543
0.150444 0.797318 0.751161
0.114104 0.550558 0.100459
0.179563 0.827958 0.878030
0.198280 0.852299 0.800702
0.270710 0.897575 0.987973
0.202918 0.604244 0.932569
0.206311 0.065405 0.733269
0.281281 0.920525 0.890676
0.254412 0.880776 0.873314
0.192738 0.891042 0.837181
0.142829 0.700942 0.464465
0.123174 0.881546 0.806044
0.194684 0.858832 0.899370
0.189857 0.840390 0.805385
0.147264 0.893282 0.781885
0.202918 0.604244 0.932569
0.192709 0.072202 0.668419
0.236790 0.059544 0.670042
0.254583 0.915703 0.947497
0.283054 0.771566 0.788837
0.164690 0.907146 0.882041
0.121708 0.896542 0.657558
0.123174 0.881546 0.806044
0.043713 0.167254 0.749497
0.173510 0.773016 0.879485
0.126127 0.857317 0.950437
0.145300 0.715104 0.816345
0.181907 0.256123 0.274434
0.216475 0.069003 0.681857
0.285291 0.885661 0.570882
0.253568 0.913261 0.953022
0.281471 0.808641 0.792120
0.179237 0.906601 0.839440
0.144996 0.844559 0.618122
0.127548 0.775093 0.559542
0.134126 0.915295 0.685431
0.167974 0.941227 0.867938
0.113687 0.856872 0.950105
0.066894 0.700616 0.222784
0.192709 0.072202 0.668419
0.200224 0.076512 0.729075
0.202232 0.986149 0.888658
0.187954 0.865265 0.769052
0.109107 0.856445 0.751752
0.114104 0.550558 0.100459
0.122726 0.901089 0.893104
0.140987 0.073208 0.632656
0.108926 0.919581 0.942025
0.057455 0.845683 0.871335
0.187009 0.080753 0.724008
0.205021 0.831888 0.965175
0.179785 0.775443 0.496139
0.096037 0.859655 0.771935
0.128747 0.898522 0.696301
0.119097 0.894187 0.557267
0.135686 0.901709 0.823165
0.054768 0.847136 0.877619
0.166786 0.094686 0.720401
0.200224 0.076512 0.729075
0.202059 0.812077 0.973237
0.154001 0.475290 0.526090
0.109107 0.856445 0.751752
0.079311 0.766335 0.854436
0.097743 0.424475 0.815381
0.110233 0.883261 0.922692
0.126896 0.488281 0.157883
0.060575 0.843889 0.871095
0.158787 0.102441 0.692199
0.267715 0.704817 0.987830
0.107313 0.783222 0.690386
0.129364 0.847906 0.666208
0.062628 0.770544 0.870274
0.042760 0.568344 0.255141
0.104887 0.931612 0.563750
0.068710 0.841939 0.883478
0.068740 0.838869 0.862837
0.016974 0.732085 0.723947
0.287731 0.660127 0.769163
0.282826 0.723042 0.804901
0.110529 0.871327 0.884578
0.134451 0.671752 0.362672
0.059032 0.771864 0.874838
0.026805 0.918259 0.638583
0.115658 0.526063 0.312578
0.060558 0.850390 0.886458
0.278765 0.050364 0.777128
0.016155 0.766357 0.775226
0.265663 0.614558 0.925708
0.243409 0.681914 0.612362
0.194865 0.553985 0.846979
0.004922 0.891727 0.775910
0.066983 0.769065 0.863759
0.019295 0.894718 0.912687
0.077492 0.133396 0.625336
0.057418 0.867774 0.881105
0.015569 0.773189 0.779791
0.280626 0.762092 0.731633
0.208863 0.689675 0.657554
0.230027 0.435832 0.764839
0.056258 0.768546 0.096678
0.088732 0.765126 0.848917
0.018502 0.886562 0.914206
0.289800 0.036038 0.534693
0.298436 0.683744 0.923646
0.270610 0.811256 0.880435
0.240888 0.744737 0.565153
0.240496 0.463762 0.596377
0.058545 0.779636 0.834855
0.263869 0.515701 0.060930
0.159034 0.636368 0.050087
0.295844 0.756753 0.932033
0.285788 0.772465 0.909813
0.184579 0.928580 0.697065
0.225022 0.435117 0.188289
0.101540 0.133226 0.388479
0.099499 0.121593 0.484277
0.102214 0.173979 0.341046
0.102790 0.159340 0.360001
0.275347 0.797872 0.936319
0.222338 0.888959 0.643459
0.244052 0.822701 0.897573
0.295090 0.049705 0.597818
0.281811 0.586545 0.864847
0.195245 0.878066 0.648076
0.285103 0.556433 0.271292
0.276152 0.590784 0.760867
0.219708 0.802773 0.867853
0.278182 0.390828 0.567730
0.243872 0.773343 0.816027
0.278182 0.390828 0.567730
0.232384 0.755372 0.875175
0.261496 0.636960 0.967027
0.276654 0.432701 0.764746
0.219153 0.778781 0.912053
0.223359 0.858505 0.736988
0.169281 0.625501 0.569661
0.269672 0.872604 0.554818
0.223359 0.858505 0.736988
0.292734 0.514309 0.730211
0.221072 0.735789 0.959440
0.292734 0.514309 0.730211
0.206531 0.932703 0.870731
0.221415 0.893991 0.851478
0.262926 0.574811 0.748073
0.254883 0.854739 0.891971
0.261397 0.798868 0.911699
0.261397 0.798868 0.911699
0.255507 0.949361 0.790639
0.297574 0.814809 0.778228
0.295582 0.833709 0.925045
0.291652 0.822204 0.865999
0.273909 0.828277 0.835392
0.267227 0.845243 0.846123
0.281475 0.843675 0.891177
0.241374 0.797955 0.940318
0.212154 0.987410 0.899671
0.272455 0.817605 0.780538
0.268510 0.790806 0.830419
0.282020 0.712027 0.918758
0.255439 0.774685 0.913173
0.273000 0.693656 0.921356
0.178718 0.807845 0.775460
0.286355 0.837439 0.862445
0.273000 0.693656 0.921356
0.142829 0.700942 0.464465
0.293869 0.836497 0.770206
0.262331 0.857039 0.731330
0.286355 0.837439 0.862445
0.246015 0.593336 0.705859
0.252410 0.674172 0.939343
0.252374 0.869884 0.640762
0.294900 0.834247 0.720496
0.279875 0.789153 0.882019
0.259092 0.802802 0.933883
0.142727 0.818546 0.942262
0.243436 0.722034 0.819951
0.288675 0.806834 0.935724
0.225931 0.590185 0.721535
0.260101 0.677761 0.782050
0.269370 0.654860 0.717254
0.278509 0.859467 0.810173
0.195473 0.825807 0.923311
0.138550 0.872479 0.860727
0.138900 0.796539 0.530898
0.278447 0.860821 0.733808
0.229549 0.761691 0.974437
0.281260 0.860965 0.839948
0.211126 0.586345 0.717696
0.243114 0.054222 0.689730
0.192147 0.798998 0.782034
0.278509 0.859467 0.810173
0.187954 0.865265 0.769052
0.146686 0.848287 0.937113
0.134045 0.916448 0.792196
0.272241 0.732661 0.824158
0.222946 0.743858 0.974378
0.133923 0.901119 0.955110
0.246015 0.593336 0.705859
0.206311 0.065405 0.733269
0.224419 0.689297 0.862284
0.265229 0.837197 0.814284
0.179237 0.906601 0.839440
0.155284 0.854864 0.746006
0.259368 0.457758 0.945273
0.153587 0.837824 0.806664
0.217046 0.778588 0.960692
0.182812 0.655577 0.876591
0.225084 0.404276 0.117579
0.271821 0.719014 0.892488
0.168120 0.917339 0.839095
0.122780 0.887151 0.699985
0.259368 0.457758 0.945273
0.131390 0.941235 0.891287
0.168120 0.917339 0.839095
0.237049 0.471188 0.852642
0.248402 0.789961 0.880980
0.180951 0.768058 0.456175
0.299920 0.653965 0.469565
0.160177 0.631928 0.053412
0.220982 0.834461 0.808174
0.101914 0.174515 0.294873
0.102214 0.173979 0.341046
0.294427 0.782078 0.784654
0.172303 0.809467 0.727745
0.172303 0.809467 0.727745
0.290592 0.483936 0.860336
0.274426 0.500680 0.054443
0.295700 0.609055 0.809385
0.274426 0.500680 0.054443
0.194642 0.809032 0.730265
0.194642 0.809032 0.730265
0.272416 0.902510 0.727269
0.193159 0.879738 0.835244
0.285103 0.556433 0.271292
0.283981 0.597798 0.844449
0.244544 0.689979 0.649484
0.285103 0.556433 0.271292
0.187091 0.857782 0.669495
0.187091 0.857782 0.669495
0.193621 0.907138 0.789394
0.297297 0.634288 0.765008
0.254833 0.644613 0.828571
0.269804 0.596579 0.847633
0.223359 0.858505 0.736988
0.214332 0.860297 0.894101
0.231329 0.870997 0.838855
0.298759 0.677664 0.951086
0.271405 0.821786 0.959965
0.268139 0.933707 0.855360
0.299209 0.831891 0.853247
0.263399 0.851193 0.906818
0.191157 0.943278 0.807935
0.292258 0.798991 0.935507
0.276783 0.475008 0.037137
0.244181 0.742752 0.853316
0.219532 0.852106 0.775498
0.264720 0.619649 0.839989
0.280764 0.787947 0.825506
0.192842 0.925236 0.790826
0.175005 0.816605 0.755983
0.190903 0.878658 0.806266
0.247684 0.808389 0.790284
0.299846 0.701819 0.030453
0.213840 0.837871 0.882733
0.156902 0.550951 0.059797
0.142811 0.466090 0.081351
0.299967 0.819061 0.791073
0.099723 0.177994 0.272275
0.283201 0.336157 0.159923
0.281865 0.537525 0.054626
0.257429 0.719735 0.496275
0.257429 0.719735 0.496275
0.182823 0.727750 0.582499
0.178546 0.051779 0.821418
0.178546 0.051779 0.821418
0.261393 0.505052 0.059304
0.253722 0.483775 0.060662
0.170041 0.782282 0.624072
0.170041 0.782282 0.624072
0.274426 0.500680 0.054443
0.186899 0.828244 0.813130
0.274426 0.500680 0.054443
0.283976 0.466188 0.867294
0.293130 0.502682 0.349889
0.274943 0.667423 0.683024
0.274943 0.667423 0.683024
0.261025 0.435310 0.304971
0.247973 0.754804 0.478668
0.268479 0.664922 0.403837
0.245274 0.645904 0.315756
0.175809 0.473450 0.046834
0.176827 0.466894 0.296699
0.178525 0.466480 0.264785
0.245054 0.293320 0.106705
0.245054 0.293320 0.106705
0.274205 0.526532 0.104477
0.182823 0.727750 0.582499
0.182823 0.727750 0.582499
0.253614 0.628591 0.816816
0.250152 0.356901 0.378932
0.250152 0.356901 0.378932
0.250152 0.356901 0.378932
0.252146 0.352050 0.322777
0.288264 0.633913 0.998915
0.108802 0.256431 0.268912
0.274436 0.700359 0.910867
0.276712 0.805773 0.835871
0.296249 0.868877 0.827637
0.204632 0.833019 0.846507
0.293131 0.508869 0.579033
0.167971 0.529113 0.918074
0.207215 0.653295 0.691836
0.284301 0.665902 0.751340
0.259494 0.620690 0.794224
0.260376 0.619054 0.785848
0.243635 0.665665 0.604034
0.296066 0.622764 0.933284
0.253455 0.393531 0.287153
0.110473 0.378753 0.532402
0.295631 0.653073 0.900154
0.292023 0.897617 0.789022
0.187534 0.975898 0.923729
0.291168 0.904491 0.773145
0.187534 0.975898 0.923729
0.134115 0.548335 0.305376
0.290493 0.820832 0.939206
0.258993 0.775711 0.643597
0.187534 0.975898 0.923729
0.290493 0.820832 0.939206
0.237189 0.822954 0.856096
0.177697 0.958092 0.661389
0.182155 0.946855 0.948518
0.236842 0.810735 0.625481
0.189555 0.820773 0.202005
0.290178 0.820213 0.939531
0.222520 0.950696 0.677831
0.219396 0.815019 0.749384
0.255774 0.781546 0.779514
0.251961 0.842127 0.924720
0.099262 0.516672 0.785551
0.113125 0.567710 0.711786
0.095903 0.585261 0.864098
0.113125 0.567710 0.711786
0.244639 0.572623 0.557849
0.095903 0.585261 0.864098
0.184864 0.461987 0.623517
0.184864 0.461987 0.623517
0.231218 0.632172 0.601357
0.189061 0.560368 0.572854
0.238806 0.648232 0.584946
0.238806 0.648232 0.584946
0.250126 0.947343 0.548809
0.169406 0.484024 0.306552
0.286072 0.458038 0.535650
0.286072 0.458038 0.535650
0.108545 0.229502 0.223049
0.108545 0.229502 0.223049
0.108545 0.229502 0.223049
0.111113 0.253249 0.197602
0.180219 0.628659 0.419558
0.235532 0.986728 0.671078
0.249598 0.672653 0.489133
0.206493 0.484140 0.285827
0.163169 0.952833 0.502346
0.230926 0.667992 0.972045
0.285317 0.578821 0.385988
0.206493 0.484140 0.285827
0.277621 0.890104 0.804204
0.243725 0.600535 0.699554
0.179148 0.758160 0.322927
0.289480 0.392539 0.968786
0.272886 0.872888 0.489168
0.241239 0.606508 0.693703
0.173199 0.852524 0.747089
0.143542 0.590704 0.510856
0.284497 0.468922 0.229587
0.171480 0.846095 0.741970
0.194356 0.662411 0.540878
0.243328 0.927577 0.707524
0.290702 0.685362 0.721999
0.276329 0.211529 0.718098
0.262773 0.801811 0.882284
0.291888 0.762667 0.270357
0.247725 0.965194 0.752212
0.298601 0.689782 0.810869
0.265441 0.649244 0.751840
0.260370 0.868527 0.723085
0.269289 0.676988 0.874017
0.263395 0.878194 0.707596
0.230013 0.731159 0.739691
0.274882 0.854429 0.591888
0.273334 0.625966 0.922236
0.255786 0.866991 0.716671
0.198921 0.948394 0.795421
0.270760 0.823400 0.949055
0.283237 0.683763 0.875481
0.191076 0.839701 0.937606
0.232668 0.863145 0.680278
0.270655 0.621185 0.891242
0.299396 0.918198 0.736384
0.265442 0.847572 0.797204
0.186238 0.886977 0.664735
0.232668 0.863145 0.680278
0.218406 0.713971 0.839953
0.293773 0.896399 0.924816
0.288719 0.736001 0.990504
0.187002 0.854303 0.741064
0.229173 0.840643 0.702335
0.193897 0.908215 0.846520
0.279417 0.720037 0.969572
0.206494 0.815284 0.747670
0.232235 0.835078 0.711091
0.269367 0.676636 0.926865
0.263887 0.708157 0.941109
0.287878 0.782862 0.901555
0.229746 0.784483 0.726285
0.225240 0.813605 0.796225
0.240970 0.921329 0.583048
0.243545 0.775610 0.721962
0.291645 0.785250 0.815171
0.267823 0.876930 0.936793
0.270490 0.838043 0.751176
0.229749 0.707510 0.779247
0.265146 0.734350 0.850440
0.262385 0.785017 0.915456
0.286906 0.783966 0.913818
0.275294 0.818531 0.740243
0.240891 0.898479 0.653731
0.272876 0.772645 0.833539
0.290531 0.731966 0.831708
0.270043 0.917420 0.654485
0.291073 0.661395 0.901875
0.275434 0.898174 0.749068
0.281180 0.616052 0.535849
0.262219 0.895089 0.840680
0.246955 0.793415 0.845435
0.281334 0.627996 0.671750
0.272348 0.823780 0.694007
0.206893 0.939779 0.877700
0.258112 0.897816 0.761077
0.262399 0.855450 0.745088
0.271738 0.605793 0.829266
0.259692 0.740687 0.796222
0.200800 0.922631 0.879794
0.238339 0.797060 0.831310
0.298849 0.631406 0.824028
0.259503 0.747721 0.795712
0.251184 0.736806 0.803191
0.217403 0.934539 0.772469
0.251684 0.759673 0.575131
0.271947 0.826259 0.695134
0.231635 0.906122 0.904342
0.230441 0.686975 0.833209
0.237695 0.813362 0.898487
0.229822 0.854827 0.950655
0.228376 0.906443 0.647627
0.269867 0.765952 0.661042
0.242079 0.802528 0.896094
0.241533 0.776085 0.861823
0.249988 0.643406 0.949939
0.282624 0.840219 0.610058
0.296858 0.754090 0.670014
0.246396 0.466059 0.712325
0.247329 0.834483 0.797823
0.247763 0.701509 0.864969
0.275438 0.852815 0.590464
0.215721 0.612884 0.738660
0.194331 0.868874 0.891459
0.239229 0.679220 0.810077
0.224970 0.776644 0.722791
0.251135 0.919498 0.833548
0.208181 0.889812 0.871622
0.259627 0.735043 0.871752
0.232802 0.722672 0.690992
0.252436 0.899188 0.836709
0.217610 0.799267 0.459838
0.264258 0.744645 0.857851
0.237056 0.907841 0.850184
0.220876 0.924020 0.569943
0.230607 0.774143 0.762529
0.278427 0.597763 0.799756
0.246515 0.536808 0.688219
0.271091 0.609951 0.749718
0.257445 0.858234 0.726998
0.270608 0.801428 0.609718
0.288885 0.751192 0.650779
0.275409 0.375990 0.350645
0.273224 0.509305 0.806037
0.274524 0.853884 0.591282
0.256335 0.791477 0.754829
0.280184 0.906081 0.796195
0.243526 0.897720 0.521354
0.275296 0.371362 0.338109
0.272297 0.538374 0.570804
0.217956 0.675950 0.470676
0.275335 0.749279 0.738992
0.264519 0.840386 0.599922
0.229855 0.739953 0.776144
0.268887 0.637884 0.969313
0.254723 0.430118 0.276995
0.246905 0.529512 0.573725
0.175676 0.741731 0.525635
0.289543 0.707296 0.723532
0.267228 0.897445 0.710187
0.269922 0.696163 0.935604
0.282026 0.902499 0.800403
0.230579 0.735873 0.783373
0.290501 0.859701 0.707518
0.185303 0.954983 0.384488
0.191302 0.459311 0.342136
0.211254 0.373242 0.936008
0.284616 0.703541 0.790009
0.293263 0.918323 0.858170
0.280906 0.814219 0.824776
0.253269 0.915688 0.695349
0.261044 0.911708 0.869875
0.277022 0.687540 0.834059
0.297426 0.629676 0.960213
0.237151 0.789031 0.408120
0.176763 0.310711 0.542719
0.212948 0.348212 0.716173
0.241710 0.747538 0.617455
0.280985 0.824982 0.840689
0.264874 0.879637 0.845801
0.281659 0.762973 0.864582
0.277906 0.684564 0.831766
0.217725 0.554000 0.782466
0.225049 0.808377 0.430898
0.194078 0.359276 0.682908
0.164989 0.313843 0.579078
0.239336 0.739407 0.344653
0.288037 0.901826 0.787299
0.287922 0.854322 0.821882
0.281379 0.784082 0.869889
0.253728 0.637609 0.868753
0.220735 0.640865 0.874694
0.225918 0.831890 0.476324
0.190876 0.790429 0.387716
0.255220 0.557448 0.436924
0.245896 0.739645 0.345055
0.281705 0.784181 0.870692
0.230654 0.691000 0.794131
0.221871 0.653362 0.920567
0.198108 0.885297 0.551375
0.238490 0.694478 0.357039
0.246553 0.556953 0.437814
0.166932 0.816702 0.228536
0.291150 0.752947 0.602750
0.245670 0.867766 0.635280
0.220819 0.699336 0.861218
0.181261 0.683279 0.925481
0.183287 0.482416 0.635248
0.255901 0.678175 0.687910
0.236924 0.552389 0.429098
0.257415 0.782299 0.425714
0.296169 0.729715 0.535601
0.280388 0.804796 0.931674
0.278653 0.824957 0.827973
0.241195 0.767616 0.779885
0.188025 0.643343 0.869311
0.150453 0.321919 0.774366
0.270208 0.669899 0.650307
0.245287 0.585122 0.467268
0.260244 0.646739 0.704950
0.286082 0.890034 0.477782
0.266711 0.788656 0.790095
0.254381 0.815125 0.815280
0.202222 0.798546 0.726910
0.233968 0.530833 0.510143
0.297037 0.668603 0.613122
0.234853 0.744351 0.471968
0.275511 0.823796 0.762942
0.286399 0.722232 0.854170
0.245890 0.728473 0.820073
0.191287 0.791649 0.724430
0.227210 0.498021 0.521584
0.168716 0.610340 0.453517
0.230330 0.876029 0.742173
0.268302 0.891895 0.693762
0.297389 0.872926 0.729973
0.240760 0.728616 0.864770
0.197431 0.749439 0.657194
0.218207 0.495829 0.543019
0.237912 0.870502 0.730642
0.289121 0.883821 0.692381
0.250720 0.728117 0.931482
0.227784 0.846499 0.778398
0.229785 0.675018 0.626009
0.279913 0.790817 0.713290
0.269564 0.595485 0.607557
0.286976 0.824963 0.717522
0.219159 0.817778 0.811375
0.299808 0.498775 0.924029
0.254148 0.805063 0.719036
0.290512 0.716135 0.827506
0.288098 0.615558 0.807263
0.298756 0.831912 0.729508
0.278106 0.297147 0.787760
0.282357 0.733030 0.156229
0.215557 0.165978 0.790055
0.240254 0.765934 0.224519
0.222602 0.800346 0.729369
0.272826 0.802819 0.524836
0.281548 0.663312 0.934201
0.290208 0.834677 0.839485
0.249620 0.747418 0.975832
0.245478 0.803863 0.832989
0.273448 0.776765 0.650657
0.110250 0.802203 0.787858
0.283148 0.755145 0.151789
0.217990 0.783782 0.833586
0.203808 0.957692 0.502537
0.287773 0.868337 0.656266
0.284732 0.461105 0.823333
0.107163 0.814166 0.807154
0.252566 0.311152 0.332175
0.241278 0.816814 0.833063
0.253013 0.765415 0.489551
0.287119 0.910847 0.480042
0.293729 0.412045 0.840297
0.291271 0.362805 0.367352
0.283182 0.838911 0.876280
0.211339 0.916421 0.783258
0.237893 0.810769 0.797796
0.290826 0.835271 0.788503
0.294145 0.411861 0.842656
0.280976 0.619933 0.441589
0.273847 0.783506 0.729083
0.225745 0.906810 0.635705
0.264854 0.850207 0.585332
0.284519 0.904535 0.486877
0.269705 0.620299 0.570083
0.258776 0.681320 0.146020
0.224838 0.878773 0.818917
0.235076 0.862316 0.784784
0.282681 0.827982 0.697757
0.282861 0.655909 0.617971
0.285085 0.786511 0.604746
0.242747 0.764190 0.776693
0.197984 0.791705 0.212367
0.293449 0.827198 0.645871
0.296868 0.646856 0.703713
0.180126 0.526298 0.810614
0.282148 0.791920 0.769163
0.283690 0.791118 0.606261
0.292536 0.639547 0.167628
0.282848 0.857298 0.733752
0.286898 0.881389 0.566990
0.286363 0.641508 0.697254
0.296384 0.679738 0.584781
0.282087 0.792561 0.770788
0.262425 0.783988 0.617959
0.250842 0.919832 0.670064
0.293813 0.790480 0.803300
0.285577 0.908146 0.419636
0.285307 0.638807 0.660317
0.298660 0.805113 0.541365
0.238499 0.758690 0.470623
0.249847 0.957691 0.347666
0.260266 0.663761 0.840125
0.256974 0.866563 0.540827
0.281928 0.816276 0.640642
0.286267 0.801000 0.548225
0.229181 0.754726 0.436196
0.278468 0.878022 0.892881
0.277532 0.887794 0.505147
0.255133 0.690493 0.389902
0.240184 0.858339 0.285555
0.294656 0.714621 0.807524
0.295524 0.687306 0.702741
0.280715 0.465361 0.972367
0.267262 0.714021 0.349038
0.285647 0.767497 0.946473
0.261861 0.689388 0.871889
0.279664 0.869543 0.694205
0.286582 0.622419 0.657361
0.235506 0.623548 0.508270
0.272253 0.915963 0.775815
0.290720 0.614163 0.431066
0.290813 0.965281 0.659303
0.284502 0.698129 0.817663
0.272116 0.918985 0.773537
0.239097 0.707895 0.471024
0.291627 0.895900 0.660421
0.286654 0.771216 0.941154
0.247970 0.711276 0.468168
0.296082 0.854584 0.794883
0.250856 0.924346 0.368335
0.288979 0.775828 0.491749
0.291909 0.789196 0.811695
0.244916 0.823200 0.402876
0.270675 0.825956 0.558878
0.285894 0.658149 0.712488
0.266808 0.652978 0.813781
0.265324 0.667846 0.941139
0.252091 0.621394 0.569962
0.279026 0.732187 0.794597
0.257655 0.320064 0.183795
0.254060 0.750839 0.838406
0.297369 0.719733 0.886407
0.274312 0.931789 0.742961
0.284712 0.849912 0.744683
0.261139 0.521526 0.043605
0.261139 0.521526 0.043605
0.280956 0.437659 0.235209
0.292031 0.525911 0.899018
0.277587 0.746346 0.847843
0.280956 0.437659 0.235209
0.236309 0.822119 0.618995
0.292551 0.753551 0.858151
0.211047 0.391486 0.242745
0.295114 0.585560 0.080351
0.238618 0.364688 0.182586
0.225908 0.878387 0.042212
0.225996 0.040262 0.449203
0.242249 0.369104 0.890117
0.221734 0.765751 0.030511
0.218876 0.892109 0.089397
0.257520 0.374964 0.123817
0.242477 0.471845 0.747832
0.242477 0.471845 0.747832
0.160418 0.618672 0.161708
0.221872 0.757583 0.108628
0.221755 0.768576 0.030689
0.221755 0.768576 0.030689
0.166520 0.529869 0.243296
0.166520 0.529869 0.243296
0.221949 0.573435 0.179241
0.184786 0.775969 0.551462
0.295494 0.224921 0.718227
0.225583 0.777869 0.157243
0.240228 0.917238 0.127066
0.149418 0.072590 0.276986
0.187439 0.614834 0.461441
0.215002 0.821798 0.767949
0.220439 0.579162 0.188733
0.215002 0.821798 0.767949
0.286720 0.081656 0.948219
0.150001 0.270936 0.608259
0.226008 0.350590 0.665739
0.268474 0.504528 0.559657
0.268474 0.504528 0.559657
0.257171 0.727414 0.614087
0.149117 0.272646 0.060685
0.149117 0.272646 0.060685
0.154045 0.530877 0.562929
0.154045 0.530877 0.562929
0.138641 0.337645 0.523657
0.287510 0.505963 0.053100
0.266524 0.354816 0.075057
0.271210 0.364619 0.378504
0.169820 0.718572 0.137852
0.293925 0.844397 0.272254
0.270479 0.618752 0.146690
0.278519 0.573145 0.260400
0.284351 0.825309 0.957978
0.282992 0.799383 0.939424
0.293151 0.481507 0.318775
0.290990 0.871359 0.774816
0.291778 0.788857 0.864747
0.299440 0.858182 0.776169
0.290921 0.921208 0.570040
0.297260 0.887415 0.579912
0.264272 0.574532 0.069182
0.257415 0.528795 0.057642
0.220649 0.580329 0.371626
0.265240 0.572630 0.057045
0.223670 0.572432 0.072799
0.260835 0.210354 0.125725
0.202661 0.625142 0.856486
0.233281 0.626451 0.534158
0.264711 0.849832 0.037843
0.263867 0.581297 0.945075
0.251027 0.669168 0.403621
0.285222 0.460660 0.061643
0.207039 0.673785 0.059423
0.277021 0.034830 0.489235
