0.307667 0.646930 0.228246
0.360510 0.856100 0.762592
0.325407 0.874056 0.595747
0.365277 0.884839 0.815401
0.372065 0.903073 0.904382
0.331357 0.835803 0.919458
0.381635 0.688244 0.675311
0.330724 0.893062 0.525091
0.379268 0.823616 0.431681
0.383656 0.853386 0.765166
0.314120 0.880531 0.891223
0.338253 0.909260 0.879654
0.370156 0.949646 0.816812
0.352557 0.897464 0.712228
0.334472 0.748732 0.822930
0.396333 0.780937 0.705267
0.373330 0.831463 0.916424
0.355364 0.912466 0.817527
0.366512 0.867444 0.872451
0.387223 0.931225 0.816709
0.374155 0.840167 0.875266
0.391564 0.867294 0.939842
0.397077 0.936720 0.821791
0.356524 0.918218 0.803825
0.371604 0.917245 0.917223
0.373106 0.897591 0.933321
0.391900 0.902413 0.744045
0.393783 0.729147 0.550893
0.369530 0.911835 0.743839
0.358137 0.980972 0.822879
0.379543 0.969675 0.892609
0.370594 0.915064 0.600052
0.377634 0.954414 0.800498
0.371107 0.778851 0.821444
0.378422 0.944043 0.774972
0.385156 0.450588 0.835198
0.393834 0.943619 0.895774
0.320348 0.935640 0.869472
0.367839 0.570345 0.724986
0.375228 0.750933 0.891157
0.397280 0.847910 0.814099
0.348472 0.899157 0.649647
0.396620 0.791211 0.713930
0.366555 0.813160 0.803725
0.379922 0.778563 0.822231
0.395582 0.899310 0.787277
0.367402 0.970617 0.856902
0.392650 0.910439 0.610462
0.353511 0.858207 0.872059
0.345882 0.896815 0.679139
0.350190 0.901138 0.712858
0.368558 0.825434 0.960976
0.381002 0.920674 0.812056
0.339593 0.797240 0.862387
0.365677 0.899001 0.649826
0.380088 0.962602 0.850498
0.397649 0.859716 0.882417
0.388811 0.757410 0.766257
0.399941 0.852156 0.716595
0.391928 0.721362 0.968431
0.389846 0.934575 0.860512
0.381499 0.716876 0.497766
0.307389 0.388305 0.379505
0.369013 0.997417 0.650045
0.387651 0.934788 0.708720
0.308536 0.771870 0.596550
0.396372 0.738389 0.935785
0.353125 0.795324 0.619609
0.338137 0.897240 0.900470
0.365210 0.936328 0.896549
0.394531 0.914203 0.863054
0.394883 0.976022 0.930802
0.328417 0.881850 0.565713
0.393236 0.864192 0.761471
0.346942 0.901931 0.810300
0.351647 0.861743 0.791010
0.388277 0.908718 0.841488
0.310778 0.761399 0.987366
0.345051 0.852394 0.905263
0.354893 0.910932 0.764506
0.355022 0.735832 0.747020
0.363594 0.970746 0.816252
0.347221 0.733128 0.804745
0.355803 0.551713 0.800783
0.382552 0.955404 0.887002
0.303240 0.785752 0.792542
0.388296 0.824152 0.562181
0.338077 0.897348 0.943515
0.356576 0.951153 0.945070
0.380807 0.924743 0.902808
0.365649 0.818006 0.632953
0.381485 0.747200 0.838667
0.382238 0.860349 0.982332
0.362020 0.985885 0.867519
0.346954 0.834376 0.801452
0.362799 0.537480 0.734738
0.363065 0.902300 0.862051
0.367397 0.924800 0.946661
0.381542 0.843496 0.559178
0.396763 0.748301 0.923901
0.391070 0.738094 0.856761
0.355746 0.805727 0.793108
0.344729 0.671497 0.476795
0.326960 0.972720 0.749207
0.378615 0.795853 0.731327
0.313257 0.843064 0.874307
0.360442 0.828322 0.611389
0.391149 0.752759 0.909500
0.380781 0.849357 0.886355
0.385119 0.712089 0.931827
0.327076 0.893267 0.747387
0.339247 0.942950 0.675294
0.368595 0.797930 0.810577
0.342803 0.914833 0.830584
0.347871 0.964021 0.825543
0.371332 0.791708 0.755934
0.385150 0.818197 0.638059
0.288691 0.899458 0.718021
0.396022 0.893848 0.895971
0.395235 0.932596 0.400446
0.367417 0.921038 0.730060
0.323306 0.963105 0.896206
0.340244 0.871878 0.857173
0.382222 0.952185 0.789565
0.351768 0.962666 0.914309
0.398065 0.739657 0.814701
0.335791 0.753592 0.953618
0.393635 0.897327 0.695889
0.378796 0.919303 0.619661
0.353645 0.791459 0.949167
0.385871 0.636057 0.580137
0.377725 0.897425 0.925151
0.376107 0.934770 0.931819
0.384377 0.830937 0.799915
0.375565 0.886410 0.893624
0.392955 0.954084 0.792157
0.390246 0.619841 0.730597
0.373904 0.854088 0.924640
0.378373 0.831768 0.937931
0.378042 0.780651 0.880296
0.332324 0.769785 0.586502
0.374318 0.882679 0.807482
0.347618 0.814737 0.721742
0.325700 0.858512 0.933397
0.338463 0.905250 0.876867
0.385048 0.917396 0.922110
0.362086 0.961631 0.815990
0.342494 0.955641 0.825486
0.349653 0.835259 0.832829
0.356905 0.882351 0.831801
0.351756 0.814352 0.958663
0.302697 0.945984 0.797333
0.330534 0.892765 0.646281
0.284927 0.893330 0.948852
0.345899 0.905661 0.510356
0.355302 0.906025 0.871236
0.388384 0.918991 0.862336
0.340987 0.864670 0.894887
0.363344 0.891720 0.599319
0.386667 0.873696 0.918877
0.358675 0.930801 0.693891
0.373163 0.748524 0.701669
0.361918 0.927856 0.808441
0.397320 0.905534 0.745357
0.374813 0.827840 0.911343
0.345722 0.735653 0.885510
0.256064 0.918543 0.560329
0.384196 0.744335 0.884830
0.308195 0.911895 0.862722
0.391519 0.821196 0.819424
0.381225 0.873685 0.650335
0.395797 0.834112 0.828124
0.370487 0.605187 0.688405
0.370512 0.845536 0.853780
0.348464 0.896771 0.812449
0.363844 0.875697 0.891490
0.272815 0.789305 0.409107
0.390375 0.632423 0.521859
0.383537 0.990651 0.593793
0.354090 0.890713 0.705871
0.345941 0.859070 0.769983
0.399844 0.736273 0.576383
0.374416 0.799637 0.832056
0.394415 0.914942 0.861841
0.375358 0.961737 0.719335
0.366132 0.873448 0.856260
0.323641 0.816907 0.923271
0.339664 0.729062 0.816014
0.375210 0.755190 0.591108
0.397772 0.841338 0.962754
0.347343 0.940269 0.677501
0.392517 0.818022 0.776902
0.354744 0.881906 0.872227
0.314938 0.862510 0.642829
0.394493 0.729105 0.955058
0.373596 0.858368 0.923462
0.339912 0.922110 0.976240
0.326768 0.855239 0.799501
0.347204 0.947019 0.729057
0.390040 0.822265 0.851755
0.352277 0.989126 0.842022
0.386343 0.971536 0.834668
0.354279 0.745381 0.934259
0.338444 0.906088 0.915378
0.289434 0.895245 0.787854
0.260455 0.753117 0.890411
0.371425 0.873870 0.816197
0.372834 0.835103 0.886930
0.279705 0.586098 0.742384
0.352172 0.787099 0.943316
0.299088 0.797803 0.807345
0.385995 0.589911 0.890212
0.359207 0.794339 0.793566
0.391544 0.691630 0.657159
0.398726 0.830724 0.922288
0.359889 0.899410 0.876226
0.379222 0.885237 0.682272
0.348198 0.790156 0.886777
0.290739 0.893661 0.676722
0.312600 0.756746 0.880230
0.368046 0.702393 0.776178
0.338962 0.845884 0.904641
0.321163 0.791602 0.797888
0.326540 0.820187 0.841578
0.352828 0.925704 0.856433
0.351691 0.851519 0.838091
0.353147 0.777951 0.609229
0.374073 0.890047 0.902739
0.338044 0.768185 0.899708
0.332345 0.664159 0.503480
0.333801 0.695666 0.529811
0.350819 0.909336 0.946266
0.392679 0.857385 0.869715
0.363330 0.909475 0.793287
0.395333 0.725529 0.943866
0.366409 0.917321 0.969326
0.342007 0.780463 0.636751
0.394141 0.816821 0.566490
0.354617 0.759384 0.712341
0.343325 0.831116 0.689454
0.334459 0.762566 0.634905
0.189695 0.704016 0.441386
0.385773 0.619737 0.916379
0.379543 0.891960 0.649598
0.388464 0.500554 0.844102
0.347062 0.861755 0.513160
0.384637 0.629097 0.592074
0.383535 0.920636 0.886634
0.305315 0.912624 0.890333
0.396484 0.853805 0.910965
0.327459 0.992521 0.801181
0.384892 0.905270 0.864212
0.252703 0.965643 0.721924
0.381610 0.794746 0.745957
0.378466 0.805764 0.924980
0.339556 0.837159 0.859308
0.396090 0.775307 0.935467
0.372183 0.904865 0.928100
0.397634 0.966808 0.802288
0.334335 0.831589 0.875296
0.360293 0.762091 0.742336
0.362064 0.705315 0.721209
0.386534 0.860274 0.789035
0.289506 0.932771 0.783630
0.347628 0.739803 0.822600
0.378184 0.776102 0.702593
0.351045 0.594075 0.888051
0.375919 0.781338 0.897428
0.309809 0.868211 0.884522
0.391272 0.745905 0.879432
0.339230 0.910622 0.927479
0.355102 0.800598 0.873311
0.358288 0.670296 0.747299
0.373563 0.866071 0.791105
0.361183 0.776210 0.896786
0.306217 0.810884 0.802885
0.363353 0.896886 0.783669
0.268603 0.737835 0.830853
0.313723 0.673702 0.657185
0.384596 0.831208 0.741549
0.353800 0.810923 0.793876
0.367282 0.813711 0.827522
0.298344 0.850743 0.898049
0.243080 0.775274 0.662953
0.374365 0.668519 0.866860
0.395527 0.770939 0.859737
0.344120 0.913433 0.971427
0.326673 0.904455 0.927803
0.289860 0.912743 0.747052
0.349000 0.901676 0.740541
0.362413 0.801169 0.876541
0.306235 0.842967 0.768328
0.214440 0.691013 0.913930
0.335233 0.995592 0.813567
0.331829 0.903093 0.711166
0.359375 0.895981 0.948400
0.395943 0.919618 0.904564
0.366507 0.626784 0.776127
0.393374 0.889646 0.873960
0.353204 0.756837 0.771531
0.369485 0.779343 0.709366
0.383499 0.892718 0.631327
0.382411 0.986671 0.859100
0.320788 0.838741 0.927044
0.387073 0.936028 0.914688
0.375684 0.675902 0.915597
0.384480 0.972098 0.638309
0.330432 0.658382 0.893616
0.322859 0.821278 0.819448
0.359201 0.934717 0.810336
0.232036 0.682117 0.406691
0.351179 0.745253 0.912990
0.376150 0.974162 0.824861
0.372471 0.772860 0.750268
0.321794 0.830009 0.790176
0.397173 0.778124 0.611349
0.362647 0.830137 0.925350
0.357260 0.933969 0.783395
0.374543 0.772287 0.788713
0.364780 0.923937 0.814130
0.310059 0.781191 0.801384
0.388044 0.556457 0.669811
0.359815 0.957775 0.837730
0.394164 0.815334 0.925926
0.373863 0.816934 0.605423
0.378707 0.923746 0.953569
0.349183 0.945437 0.697984
0.355638 0.911855 0.713935
0.298860 0.963873 0.764454
0.343813 0.857665 0.813197
0.393290 0.804577 0.940168
0.363906 0.783385 0.735637
0.394081 0.928512 0.696154
0.397593 0.842269 0.868990
0.319971 0.787810 0.570410
0.393280 0.612295 0.816128
0.373250 0.800172 0.597429
0.372658 0.949577 0.953949
0.385070 0.932434 0.673822
0.338439 0.514904 0.869268
0.399108 0.913536 0.816779
0.372775 0.905193 0.855917
0.371931 0.908817 0.477496
0.372895 0.886408 0.908450
0.392641 0.857400 0.899775
0.350742 0.722166 0.977929
0.371716 0.657806 0.530049
0.387412 0.861496 0.858867
0.349598 0.865855 0.779215
0.369023 0.839381 0.820126
0.381364 0.937321 0.946820
0.343181 0.799264 0.742288
0.397800 0.570156 0.893933
0.383345 0.761058 0.792186
0.380060 0.955185 0.733640
0.341218 0.903145 0.971408
0.357396 0.868605 0.957862
0.377879 0.837066 0.814009
0.378188 0.764523 0.882197
0.385607 0.796532 0.851992
0.389301 0.724901 0.287492
0.312584 0.671599 0.730692
0.361879 0.820111 0.772722
0.325120 0.962790 0.691096
0.375857 0.873159 0.827976
0.360380 0.737616 0.785688
0.385740 0.741569 0.812534
0.382592 0.932190 0.861762
0.383055 0.675395 0.887547
0.362594 0.737701 0.722204
0.270899 0.757452 0.493497
0.388149 0.656626 0.665410
0.379986 0.963615 0.724462
0.387339 0.730432 0.862514
0.364757 0.835248 0.791771
0.319178 0.822604 0.847595
0.382033 0.685483 0.706517
0.359676 0.689973 0.920651
0.389246 0.943326 0.807619
0.271133 0.823888 0.760986
0.298495 0.876472 0.780884
0.359545 0.955076 0.951170
0.359154 0.878386 0.910399
0.398184 0.728042 0.960364
0.275971 0.930626 0.902145
0.361917 0.707576 0.762129
0.396251 0.655927 0.755298
0.278102 0.923607 0.968251
0.335954 0.936316 0.875320
0.332879 0.555614 0.423173
0.365412 0.848217 0.894376
0.375349 0.870914 0.865399
0.362307 0.800765 0.925656
0.371988 0.898585 0.775623
0.280559 0.787508 0.780413
0.392598 0.760984 0.861449
0.272371 0.850079 0.762571
0.368055 0.893784 0.985257
0.396408 0.757016 0.768340
0.334328 0.656533 0.860353
0.377523 0.661103 0.733358
0.384213 0.943072 0.841171
0.364635 0.799481 0.953463
0.363489 0.841891 0.792717
0.361178 0.822215 0.842290
0.373849 0.920146 0.607144
0.353772 0.745235 0.835846
0.390997 0.967041 0.565680
0.372232 0.994227 0.817938
0.366356 0.494582 0.973820
0.273835 0.859602 0.790492
0.373120 0.854527 0.871462
0.388543 0.912683 0.874724
0.366948 0.875689 0.905565
0.375335 0.886778 0.961949
0.362191 0.747916 0.877785
0.385113 0.987081 0.832594
0.308063 0.721108 0.804630
0.290832 0.947231 0.727300
0.366353 0.956534 0.792765
0.324101 0.879878 0.869801
0.373685 0.902421 0.926143
0.378236 0.873813 0.701363
0.269468 0.909537 0.595635
0.351225 0.791436 0.845945
0.355716 0.927403 0.822919
0.355919 0.825514 0.918656
0.322809 0.872225 0.850618
0.238860 0.857533 0.864368
0.347687 0.728801 0.916822
0.325394 0.915401 0.716482
0.313943 0.903505 0.877243
0.372467 0.752581 0.754218
0.382861 0.865738 0.820206
0.398896 0.910290 0.806254
0.376262 0.937530 0.569890
0.394820 0.969496 0.517723
0.351768 0.890192 0.694477
0.367202 0.801641 0.932844
0.383269 0.836247 0.876371
0.356524 0.571685 0.684270
0.274469 0.662978 0.795424
0.368039 0.986299 0.767587
0.399306 0.794443 0.860762
0.378107 0.770936 0.700930
0.344344 0.643439 0.693874
0.364421 0.594297 0.516106
0.308129 0.830331 0.824691
0.379852 0.909257 0.631777
0.389459 0.650606 0.488889
0.386823 0.844721 0.717846
0.378809 0.786301 0.855468
0.389574 0.912873 0.769472
0.379592 0.980769 0.735904
0.394641 0.665927 0.739551
0.357367 0.851089 0.833609
0.344462 0.939009 0.883609
0.360462 0.887668 0.969309
0.357081 0.793927 0.905277
0.385751 0.735707 0.858276
0.365892 0.725000 0.621687
0.341390 0.906257 0.822034
0.347827 0.978410 0.901153
0.386381 0.853084 0.864281
0.338568 0.845547 0.669718
0.298424 0.798413 0.733157
0.371035 0.789690 0.763580
0.389192 0.809342 0.791454
0.399175 0.710701 0.889320
0.362070 0.752862 0.907475
0.370754 0.822410 0.468629
0.377958 0.875036 0.871714
0.312307 0.844860 0.866746
0.313185 0.747073 0.931284
0.384846 0.722169 0.888066
0.395458 0.702892 0.714885
0.359736 0.713050 0.921658
0.383170 0.646158 0.732746
0.395411 0.567829 0.773309
0.372102 0.833651 0.796084
0.373331 0.901827 0.956216
0.359326 0.816158 0.898863
0.365568 0.946358 0.836270
0.382444 0.777293 0.832052
0.367960 0.752753 0.772871
0.257410 0.911191 0.887457
0.287866 0.867058 0.895968
0.393580 0.662941 0.891389
0.324280 0.821651 0.483790
0.289507 0.985058 0.660647
0.377336 0.806734 0.735224
0.372987 0.807265 0.872482
0.397562 0.707380 0.867701
0.355167 0.745243 0.940179
0.364798 0.552003 0.933755
0.345922 0.819072 0.799769
0.300523 0.674704 0.889068
0.321346 0.719469 0.878174
0.298797 0.775133 0.873104
0.254063 0.720368 0.772418
0.384337 0.942641 0.878700
0.380491 0.850802 0.797524
0.358244 0.765614 0.853510
0.376429 0.729471 0.698610
0.312071 0.880985 0.915909
0.376004 0.923884 0.698059
0.371431 0.900187 0.903244
0.391077 0.541990 0.553389
0.362410 0.979029 0.515949
0.363001 0.982595 0.952376
0.339696 0.981183 0.799133
0.390678 0.925306 0.780884
0.362330 0.835715 0.832338
0.379708 0.833062 0.772078
0.375545 0.738780 0.896059
0.391862 0.872839 0.780254
0.289122 0.790087 0.962466
0.317225 0.964478 0.790211
0.270166 0.726306 0.397642
0.365098 0.782108 0.711934
0.356802 0.828871 0.963842
0.236083 0.915867 0.597951
0.354937 0.860197 0.676999
0.367435 0.831473 0.955814
0.328281 0.688518 0.934243
0.383509 0.684822 0.723390
0.393938 0.875004 0.885973
0.257448 0.851291 0.850132
0.327997 0.949765 0.731075
0.286642 0.829779 0.369646
0.383037 0.564643 0.445020
0.380874 0.817144 0.867679
0.396924 0.893032 0.881442
0.369661 0.833610 0.757714
0.287985 0.929676 0.955351
0.366830 0.783823 0.718154
0.260843 0.852429 0.815758
0.383231 0.694252 0.539069
0.240015 0.590095 0.860591
0.359227 0.927634 0.764345
0.373969 0.808510 0.924417
0.258092 0.884762 0.789364
0.387966 0.758377 0.957056
0.363494 0.871479 0.670305
0.383371 0.838529 0.764272
0.394989 0.559514 0.544236
0.323616 0.734711 0.932223
0.390466 0.753027 0.713856
0.357453 0.883635 0.561413
0.357757 0.756005 0.838854
0.370754 0.838296 0.850215
0.269937 0.903134 0.862151
0.291088 0.598448 0.807166
0.380834 0.898595 0.827789
0.391156 0.845738 0.936311
0.380423 0.894627 0.631702
0.391814 0.892974 0.854482
0.349437 0.648953 0.922025
0.202866 0.965818 0.697033
0.365259 0.778053 0.728567
0.331084 0.913599 0.968665
0.368311 0.749530 0.872560
0.384645 0.785091 0.855503
0.380857 0.740406 0.951708
0.315993 0.851077 0.513361
0.383350 0.881868 0.778951
0.364150 0.900502 0.754796
0.383163 0.849016 0.771610
0.388470 0.946329 0.737399
0.379234 0.911281 0.650657
0.397979 0.914703 0.822318
0.376983 0.855761 0.748956
0.391368 0.779697 0.940822
0.383479 0.926875 0.873121
0.386251 0.834726 0.729796
0.327096 0.837388 0.804019
0.374972 0.786343 0.851500
0.368463 0.777078 0.937284
0.371028 0.457262 0.717858
0.324673 0.661295 0.657284
0.349820 0.836742 0.879804
0.394009 0.637599 0.894468
0.367216 0.821497 0.894280
0.348634 0.922534 0.585788
0.355585 0.728221 0.493268
0.342708 0.814535 0.921669
0.375979 0.830210 0.833180
0.389767 0.727885 0.889354
0.396106 0.618300 0.851143
0.357513 0.888651 0.849268
0.321528 0.842295 0.975518
0.286331 0.812795 0.574881
0.258687 0.412374 0.537669
0.369373 0.884538 0.814818
0.344132 0.830571 0.835613
0.376331 0.655550 0.681063
0.276857 0.745444 0.824922
0.357421 0.767603 0.748340
0.341972 0.816647 0.714799
0.313536 0.935730 0.937860
0.369110 0.778785 0.923757
0.375449 0.759295 0.705197
0.307644 0.691096 0.818136
0.392390 0.862048 0.908435
0.345183 0.836764 0.916928
0.390137 0.862393 0.905515
0.310727 0.712080 0.795579
0.380037 0.617760 0.859098
0.396922 0.566794 0.806775
0.333575 0.745169 0.804624
0.384116 0.809357 0.716426
0.239546 0.909980 0.793087
0.378440 0.723166 0.971663
0.391741 0.614786 0.666060
0.338811 0.792924 0.493681
0.379750 0.947988 0.925059
0.370162 0.721414 0.969243
0.327427 0.867632 0.787765
0.365334 0.820503 0.848756
0.383039 0.865822 0.764994
0.334743 0.849456 0.663691
0.390024 0.777989 0.803334
0.235234 0.819472 0.811735
0.376417 0.751735 0.805271
0.298418 0.621959 0.551844
0.378802 0.960765 0.823623
0.395793 0.832338 0.968458
0.342494 0.770691 0.794495
0.381960 0.673920 0.727107
0.322416 0.829490 0.776844
0.350309 0.886962 0.879215
0.352582 0.961082 0.921467
0.332869 0.844377 0.781933
0.375090 0.890700 0.794705
0.384237 0.854621 0.838158
0.327772 0.779003 0.879559
0.383804 0.700515 0.955805
0.388904 0.873308 0.844061
0.300652 0.857011 0.633724
0.377963 0.774590 0.959438
0.293323 0.944905 0.703339
0.335329 0.911328 0.751870
0.351495 0.702877 0.875069
0.391451 0.928802 0.792806
0.346860 0.943316 0.768517
0.243444 0.964870 0.372289
0.369144 0.984349 0.830322
0.383211 0.752157 0.728714
0.372251 0.814549 0.800529
0.367024 0.727280 0.873246
0.384814 0.926659 0.684861
0.357671 0.762967 0.846579
0.392609 0.814958 0.844615
0.393433 0.873184 0.705583
0.373134 0.911345 0.894329
0.371608 0.735914 0.908437
0.314950 0.839587 0.865459
0.340201 0.749398 0.921721
0.396876 0.785019 0.621878
0.278426 0.710674 0.888937
0.284720 0.447786 0.606619
0.382952 0.896880 0.875371
0.353891 0.802192 0.769655
0.324729 0.754631 0.340720
0.288393 0.667674 0.727718
0.385058 0.874728 0.723837
0.379090 0.935776 0.804290
0.346031 0.884732 0.537961
0.357046 0.943539 0.667300
0.334882 0.697771 0.638399
0.365670 0.712668 0.761015
0.341489 0.854017 0.809358
0.293386 0.571366 0.588514
0.358320 0.523489 0.761620
0.344491 0.651914 0.917966
0.346683 0.947931 0.792691
0.374972 0.836362 0.720365
0.351643 0.746786 0.798352
0.391663 0.860434 0.553201
0.296680 0.611033 0.817142
0.356046 0.867860 0.896192
0.307050 0.875442 0.842955
0.387377 0.834368 0.789535
0.361900 0.684610 0.634355
0.398744 0.812154 0.834634
0.291618 0.910106 0.763915
0.355837 0.867538 0.911446
0.393944 0.778275 0.711588
0.367481 0.804581 0.733691
0.370026 0.844353 0.916282
0.394641 0.939608 0.902449
0.342226 0.793164 0.551289
0.355763 0.891856 0.816821
0.392604 0.745238 0.805134
0.339109 0.837507 0.945677
0.322297 0.959046 0.850158
0.369834 0.954055 0.907626
0.322154 0.637895 0.864948
0.340532 0.780253 0.854424
0.357987 0.783502 0.962621
0.392726 0.690803 0.937489
0.376413 0.718786 0.938776
0.346058 0.825990 0.865288
0.381778 0.773932 0.817020
0.319030 0.936824 0.794640
0.350572 0.807330 0.850787
0.374356 0.755671 0.908861
0.343589 0.890931 0.786714
0.373639 0.650051 0.838174
0.345405 0.926981 0.959048
0.368563 0.794893 0.956770
0.319613 0.948703 0.652920
0.331136 0.823628 0.908068
0.365092 0.619447 0.686197
0.281568 0.685382 0.660642
0.324397 0.916070 0.896216
0.381693 0.792546 0.809828
0.349830 0.894885 0.739037
0.397470 0.734297 0.910318
0.357678 0.870069 0.857210
0.338863 0.674194 0.796001
0.369107 0.678021 0.846890
0.325763 0.908665 0.835808
0.371131 0.912827 0.915856
0.391579 0.846143 0.814157
0.383628 0.687439 0.874033
0.334356 0.806242 0.675365
0.394257 0.878237 0.744236
0.366769 0.634551 0.834921
0.337977 0.764267 0.838488
0.328803 0.880489 0.766732
0.376747 0.775517 0.773903
0.304985 0.905011 0.991741
0.369945 0.924132 0.939193
0.381077 0.658502 0.848750
0.282219 0.627432 0.947771
0.326226 0.850426 0.722795
0.317840 0.811555 0.848121
0.376451 0.942300 0.711799
0.276366 0.744570 0.956475
0.259464 0.780265 0.913191
0.295670 0.728775 0.795225
0.366903 0.805658 0.556475
0.385081 0.742451 0.931521
0.382703 0.701280 0.922628
0.338039 0.855527 0.935719
0.348907 0.898611 0.792028
0.280814 0.786426 0.839726
0.231676 0.823641 0.715148
0.314214 0.797183 0.766550
0.305662 0.866466 0.927208
0.370143 0.684829 0.480349
0.360726 0.869740 0.867403
0.274249 0.960032 0.878667
0.385394 0.891177 0.831332
0.292468 0.831634 0.424161
0.350832 0.719495 0.731757
0.254242 0.782100 0.914261
0.351789 0.675856 0.933121
0.384549 0.431919 0.432662
0.386750 0.869403 0.835816
0.361481 0.857851 0.929443
0.330836 0.919937 0.922673
0.385398 0.804712 0.787264
0.329124 0.856409 0.909349
0.315252 0.723378 0.931487
0.392311 0.772095 0.826173
0.337030 0.842948 0.693408
0.304729 0.933244 0.689088
0.364860 0.910576 0.948757
0.361669 0.764203 0.823628
0.323947 0.943671 0.862641
0.383821 0.900729 0.879438
0.343013 0.762162 0.675980
0.295687 0.769399 0.658647
0.317194 0.714199 0.527619
0.331010 0.975530 0.810441
0.389133 0.814183 0.581037
0.392793 0.756956 0.895842
0.325824 0.769669 0.678985
0.383449 0.861787 0.967872
0.380778 0.634825 0.538722
0.398330 0.832341 0.616992
0.351659 0.661576 0.294026
0.368948 0.819074 0.971077
0.392202 0.875642 0.869735
0.310875 0.886089 0.931643
0.306285 0.805324 0.800521
0.371684 0.665192 0.839689
0.315935 0.676258 0.967890
0.374238 0.934517 0.880063
0.328836 0.847137 0.720761
0.350947 0.792007 0.751733
0.365949 0.721587 0.876306
0.326700 0.934137 0.399134
0.387858 0.750341 0.847456
0.394025 0.890636 0.956292
0.383598 0.781287 0.715285
0.309266 0.915998 0.953796
0.365124 0.817036 0.852795
0.350567 0.816429 0.832115
0.375992 0.837449 0.873937
0.353954 0.917948 0.588610
0.386179 0.819482 0.849684
0.302793 0.793545 0.718303
0.373328 0.880650 0.814175
0.337803 0.757263 0.924265
0.337751 0.870001 0.522009
0.307043 0.828271 0.731737
0.369595 0.646193 0.787469
0.278705 0.644658 0.734488
0.279788 0.768418 0.646807
0.190438 0.836044 0.578930
0.355736 0.775970 0.846865
0.366717 0.864219 0.888588
0.394041 0.825672 0.774415
0.385007 0.728334 0.857561
0.365343 0.872007 0.889134
0.375554 0.691253 0.871797
0.378452 0.650538 0.784681
0.398186 0.848619 0.801656
0.395296 0.694979 0.914164
0.394048 0.532939 0.817565
0.393165 0.718866 0.778623
0.233390 0.855887 0.718432
0.385143 0.706801 0.876998
0.396772 0.671911 0.394907
0.313114 0.674149 0.887325
0.390288 0.729070 0.770103
0.344358 0.745025 0.766865
0.370970 0.783445 0.932595
0.365085 0.844571 0.783157
0.368457 0.779790 0.784923
0.367991 0.804178 0.800024
0.371292 0.739536 0.828325
0.370985 0.729730 0.769900
0.188286 0.902341 0.588516
0.348581 0.656428 0.735014
0.369397 0.834503 0.849403
0.368570 0.843716 0.769935
0.333039 0.927491 0.580575
0.391756 0.824548 0.863448
0.305728 0.543343 0.866880
0.381686 0.846699 0.692643
0.361693 0.860053 0.629487
0.367305 0.844305 0.848794
0.396706 0.730563 0.922599
0.370622 0.972445 0.756023
0.362789 0.359016 0.634966
0.342964 0.963224 0.827908
0.398955 0.959245 0.799499
0.359176 0.814233 0.831009
0.374524 0.869168 0.874809
0.385324 0.732094 0.940111
0.354093 0.835530 0.836476
0.374983 0.853704 0.828729
0.372365 0.965901 0.957872
0.353426 0.908827 0.840181
0.296583 0.915810 0.578129
0.361190 0.497605 0.726490
0.380978 0.889523 0.824798
0.380380 0.881030 0.744886
0.376877 0.879523 0.911633
0.367256 0.859155 0.902336
0.390074 0.880108 0.931562
0.370035 0.940447 0.911342
0.331610 0.874652 0.886737
0.388197 0.853706 0.961417
0.393013 0.838527 0.822780
0.332512 0.768443 0.764186
0.389616 0.856427 0.860425
0.352578 0.872099 0.873008
0.346462 0.850802 0.920522
0.298003 0.653483 0.359785
0.390987 0.887051 0.923123
0.373249 0.889210 0.854378
0.384331 0.927959 0.933421
0.343739 0.867512 0.780070
0.381142 0.727482 0.812872
0.336489 0.612346 0.672751
0.381561 0.785581 0.936403
0.366389 0.874618 0.913646
0.299830 0.909377 0.867157
0.275609 0.712946 0.852022
0.388431 0.810915 0.712605
0.398807 0.802469 0.913283
0.331277 0.664625 0.962903
0.378192 0.785974 0.843757
0.399220 0.864493 0.951717
0.373734 0.868116 0.955243
0.328895 0.785677 0.920560
0.356654 0.872777 0.772285
0.342266 0.770733 0.920330
0.370409 0.793664 0.881799
0.350061 0.589814 0.703292
0.311598 0.891439 0.915917
0.381953 0.809357 0.666446
0.311283 0.813112 0.784914
0.395820 0.844672 0.729598
0.365977 0.769875 0.852695
0.359410 0.822508 0.627698
0.335457 0.633294 0.881311
0.392876 0.793123 0.894895
0.373104 0.861821 0.918309
0.308684 0.820335 0.844709
0.372608 0.659909 0.946076
0.310424 0.873764 0.727961
0.352811 0.792400 0.823120
0.397936 0.622528 0.852555
0.381387 0.758200 0.917884
0.388270 0.943035 0.766195
0.319168 0.899725 0.774089
0.370124 0.737640 0.817613
0.281194 0.818985 0.802110
0.318532 0.751687 0.805681
0.337147 0.960331 0.925238
0.379725 0.863489 0.985846
0.375098 0.818596 0.889817
0.392856 0.741101 0.925472
0.277582 0.930861 0.891592
0.263513 0.939650 0.873459
0.280942 0.773421 0.865519
0.367340 0.719857 0.922622
0.382171 0.642004 0.908273
0.325841 0.709213 0.821448
0.367427 0.756103 0.758521
0.382120 0.814831 0.785592
0.395767 0.920752 0.781000
0.359481 0.833422 0.942517
0.334457 0.804295 0.812294
0.301444 0.781900 0.605097
0.391191 0.795358 0.921682
0.250691 0.813104 0.690885
0.308744 0.687671 0.873990
0.313561 0.646957 0.585489
0.357094 0.955707 0.654163
0.348372 0.773661 0.747913
0.297870 0.980784 0.888097
0.276487 0.423824 0.478446
0.309383 0.824549 0.592006
0.351906 0.866738 0.965441
0.358606 0.911612 0.870176
0.275892 0.860082 0.939201
0.350843 0.873953 0.815645
0.360402 0.767857 0.793602
0.295903 0.887473 0.713245
0.296345 0.830371 0.834750
0.394687 0.803818 0.640291
0.300489 0.727339 0.928069
0.345540 0.870430 0.911177
0.338601 0.908678 0.881264
0.322952 0.727826 0.862877
0.356461 0.886614 0.952509
0.356422 0.939381 0.809464
0.356430 0.892938 0.967991
0.369598 0.946386 0.917036
0.364863 0.737966 0.648888
0.348513 0.789517 0.925233
0.387268 0.704954 0.819642
0.303043 0.796604 0.959036
0.361444 0.761249 0.689215
0.304399 0.921267 0.926088
0.342755 0.805013 0.818229
0.281161 0.747493 0.681776
0.356343 0.844021 0.955219
0.372543 0.862600 0.900110
0.382306 0.907448 0.958816
0.327677 0.796805 0.940056
0.374545 0.776313 0.802423
0.309026 0.827021 0.907832
0.313869 0.885605 0.487349
0.190098 0.569105 0.488798
0.379469 0.926585 0.814007
0.380470 0.962838 0.877777
0.295676 0.741643 0.889866
0.357147 0.751583 0.916941
0.285960 0.753725 0.785468
0.345492 0.611820 0.943034
0.354865 0.888875 0.753711
0.384531 0.862144 0.925929
0.366880 0.867262 0.857110
0.302463 0.896027 0.839048
0.340991 0.795579 0.831653
0.336863 0.899908 0.749488
0.359079 0.486601 0.655514
0.292317 0.698613 0.863107
0.394168 0.700220 0.946876
0.375517 0.962385 0.965944
0.370291 0.774217 0.736062
0.337593 0.966264 0.697042
0.397242 0.728292 0.863103
0.365686 0.834249 0.771163
0.362155 0.859984 0.793254
0.250540 0.931358 0.729455
0.390888 0.739699 0.969702
0.376571 0.717938 0.970460
0.353961 0.728746 0.921689
0.399158 0.969280 0.686498
0.340581 0.876507 0.767585
0.336830 0.882859 0.861348
0.328088 0.766569 0.865309
0.382406 0.918661 0.718453
0.337352 0.851676 0.767270
0.301332 0.834754 0.807032
0.261386 0.712659 0.456230
0.381631 0.855788 0.898906
0.362520 0.840140 0.902229
0.328585 0.942709 0.637330
0.352277 0.899019 0.954445
0.351624 0.744687 0.620657
0.386630 0.874604 0.781247
0.389809 0.974796 0.691305
0.381516 0.696477 0.933652
0.299627 0.941266 0.794888
0.295136 0.782193 0.681384
0.364981 0.779210 0.929040
0.314489 0.927944 0.832805
0.306099 0.888006 0.398100
0.382199 0.725344 0.755418
0.384371 0.782226 0.776580
0.352802 0.636963 0.764903
0.378678 0.972730 0.832880
0.398208 0.911524 0.785228
0.366885 0.790377 0.846137
0.374672 0.919302 0.863706
0.339380 0.938076 0.847651
0.373944 0.976131 0.853886
0.324440 0.949238 0.896746
0.389664 0.693132 0.954188
0.390712 0.715762 0.945683
0.335434 0.826793 0.471162
0.391322 0.555580 0.944575
0.377070 0.861429 0.885948
0.385435 0.862713 0.899446
0.377128 0.784063 0.530917
0.353797 0.772782 0.653223
0.329299 0.916152 0.678094
0.355117 0.880599 0.970660
0.352820 0.909272 0.610632
0.356405 0.840451 0.873027
0.383636 0.807507 0.762522
0.390915 0.892661 0.754051
0.394451 0.981522 0.568514
0.318981 0.910627 0.913578
0.392323 0.464863 0.802951
0.349757 0.809810 0.860545
0.360813 0.825898 0.761676
0.388720 0.781106 0.951529
0.329700 0.900395 0.729360
0.354632 0.856397 0.961753
0.298594 0.878947 0.778771
0.357645 0.861670 0.755462
0.376342 0.849609 0.840805
0.393392 0.817689 0.886032
0.361762 0.773490 0.837945
0.365183 0.842776 0.759274
0.334053 0.929110 0.757744
0.351652 0.821233 0.798028
0.326485 0.881604 0.423004
0.315306 0.888970 0.785142
0.391985 0.740105 0.726636
0.373632 0.482517 0.497821
0.333729 0.847375 0.872533
0.365608 0.843522 0.939457
0.385749 0.848111 0.891006
0.357011 0.862328 0.744660
0.387898 0.877755 0.887606
0.376033 0.781680 0.833745
0.199502 0.567657 0.575628
0.389549 0.825363 0.831203
0.327265 0.892413 0.957851
0.307889 0.883958 0.875595
0.351298 0.783135 0.866147
0.384528 0.824642 0.704872
0.375154 0.818865 0.664672
0.309955 0.776746 0.853229
0.348628 0.965804 0.809610
0.331466 0.951705 0.765789
0.321715 0.782008 0.824639
0.281920 0.852435 0.840011
0.386824 0.766706 0.739743
0.397414 0.854129 0.871098
0.383852 0.741878 0.947778
0.365300 0.817747 0.894562
0.389658 0.940698 0.948600
0.278422 0.836027 0.985629
0.252620 0.910735 0.922798
0.361332 0.672992 0.927572
0.363122 0.652009 0.906642
0.376181 0.789663 0.849752
0.303158 0.816523 0.830338
0.373867 0.872245 0.835579
0.345901 0.955371 0.893778
0.384935 0.917803 0.834634
0.330523 0.899266 0.852929
0.392590 0.844830 0.776243
0.284411 0.761423 0.859144
0.301622 0.665607 0.803323
0.333719 0.831941 0.833019
0.386373 0.957782 0.629744
0.336832 0.639260 0.946925
0.359887 0.918822 0.811999
0.308103 0.965459 0.888481
0.374042 0.903007 0.930316
0.352283 0.900593 0.625893
0.318008 0.925350 0.784834
0.279016 0.966330 0.757228
0.242057 0.856533 0.390731
0.323754 0.887179 0.784601
0.291687 0.786351 0.769174
0.266292 0.848801 0.898483
0.394838 0.805490 0.947755
0.327241 0.832580 0.811170
0.303950 0.616273 0.522565
0.375961 0.913555 0.507141
0.311584 0.764130 0.580912
0.394432 0.845355 0.919923
0.359800 0.783652 0.734084
0.291006 0.706348 0.892555
0.391854 0.783339 0.843379
0.317491 0.835437 0.858805
0.323947 0.935644 0.796895
0.364806 0.864536 0.939418
0.372305 0.865578 0.822362
0.393515 0.854028 0.800049
0.334029 0.808045 0.813137
0.326112 0.783580 0.874211
0.319548 0.912780 0.865678
0.359780 0.657962 0.937131
0.317233 0.701131 0.684460
0.366355 0.775452 0.856080
0.285054 0.953479 0.633986
0.358596 0.765530 0.858778
0.379005 0.767912 0.671216
0.373525 0.758237 0.810147
0.375538 0.458322 0.601892
0.390526 0.860896 0.864817
0.383667 0.859640 0.774405
0.347333 0.859928 0.950465
0.331519 0.720132 0.915769
0.282083 0.799118 0.914973
0.355590 0.878293 0.816319
0.343189 0.746808 0.876808
0.358034 0.869275 0.881421
0.386423 0.964601 0.799264
0.367672 0.722035 0.871337
0.352481 0.712075 0.778683
0.295350 0.981685 0.734888
0.361256 0.758615 0.928361
0.305649 0.489486 0.670596
0.252057 0.582968 0.906891
0.388914 0.954414 0.775150
0.330064 0.752767 0.934575
0.333160 0.682526 0.896912
0.387775 0.871398 0.775079
0.324528 0.771116 0.883307
0.357398 0.916281 0.623961
0.293032 0.694003 0.674714
0.396280 0.693721 0.793834
0.374205 0.934223 0.649882
0.310803 0.955440 0.707268
0.295318 0.801510 0.969337
0.250306 0.960510 0.778778
0.377617 0.967427 0.798479
0.348601 0.804421 0.851462
0.381303 0.919862 0.542473
0.337966 0.855891 0.816441
0.353703 0.774363 0.952015
0.245663 0.834935 0.562419
0.249047 0.833917 0.753097
0.354234 0.916545 0.859141
0.386115 0.883519 0.891387
0.381872 0.926161 0.896493
0.376874 0.710935 0.665136
0.271482 0.940724 0.805041
0.343220 0.923439 0.737327
0.386316 0.816647 0.713679
0.372147 0.824986 0.882450
0.389844 0.753125 0.743928
0.375724 0.927188 0.537292
0.298274 0.783977 0.697276
0.373361 0.806288 0.801827
0.374620 0.801342 0.847441
0.346928 0.791385 0.972466
0.370762 0.919871 0.702711
0.383367 0.883001 0.808649
0.283394 0.968828 0.910892
0.387971 0.860597 0.926291
0.391835 0.914374 0.981795
0.394433 0.908012 0.743584
0.373581 0.928971 0.937636
0.327263 0.846018 0.691722
0.319918 0.791672 0.847178
0.396402 0.913756 0.737713
0.336618 0.918458 0.733491
0.367038 0.706914 0.822916
0.392091 0.970581 0.708601
0.393450 0.890826 0.817645
0.361110 0.933235 0.674416
0.340413 0.778716 0.943663
0.282746 0.737702 0.598010
0.363435 0.408918 0.669520
0.361584 0.869497 0.887565
0.371604 0.806237 0.926576
0.373689 0.844164 0.847750
0.383891 0.811476 0.741381
0.399058 0.846198 0.896572
0.392048 0.681554 0.683589
0.394356 0.561704 0.854923
0.397799 0.862784 0.899659
0.360790 0.962517 0.717458
0.394645 0.899227 0.883204
0.323067 0.872465 0.785089
0.395163 0.704868 0.899520
0.376336 0.784746 0.784315
0.352152 0.900913 0.720597
0.386301 0.823421 0.938075
0.369089 0.766064 0.843899
0.330384 0.746157 0.945655
0.386366 0.656592 0.851312
0.389847 0.763870 0.906883
0.384461 0.843987 0.824777
0.396387 0.868472 0.708241
0.377912 0.922586 0.818598
0.391998 0.858242 0.727834
0.347504 0.704516 0.898405
0.348114 0.846002 0.560681
0.357868 0.880587 0.950341
0.343424 0.775269 0.925924
0.325485 0.909664 0.727969
0.372207 0.824981 0.846228
0.330773 0.822023 0.978898
0.320053 0.809321 0.740341
0.326084 0.813428 0.937760
0.391421 0.424298 0.388393
0.374617 0.950641 0.867732
0.357072 0.905737 0.818395
0.373512 0.922065 0.756070
0.308358 0.982305 0.809899
0.396012 0.861156 0.771223
0.350343 0.903123 0.753866
0.376282 0.969680 0.753012
0.364307 0.780521 0.945358
0.365167 0.777756 0.338383
0.363583 0.734443 0.901625
0.317966 0.966039 0.756789
0.354546 0.723835 0.959216
0.337300 0.855327 0.800066
0.322149 0.832482 0.887643
0.354051 0.722929 0.910069
0.320516 0.928260 0.711752
0.323673 0.857875 0.851264
0.354110 0.917828 0.762471
0.372128 0.829736 0.919316
0.375357 0.844872 0.887097
0.327080 0.854075 0.881981
0.287245 0.889838 0.820228
0.297181 0.863426 0.823276
0.315906 0.866187 0.851628
0.332279 0.867631 0.842518
0.383746 0.851638 0.682402
0.342651 0.642656 0.957977
0.344391 0.631339 0.594248
0.381270 0.955488 0.690558
0.358780 0.843194 0.766065
0.378616 0.948490 0.906741
0.363815 0.901235 0.810840
0.303220 0.824429 0.904447
0.301350 0.834010 0.904883
0.355949 0.796602 0.796115
0.272508 0.846585 0.479597
0.370951 0.651724 0.590677
0.323260 0.920948 0.883857
0.394704 0.811643 0.879579
0.364962 0.654508 0.928771
0.369079 0.845504 0.915595
0.333200 0.817099 0.842140
0.382284 0.840651 0.717579
0.261290 0.886945 0.840470
0.385255 0.754258 0.773878
0.324765 0.818489 0.977338
0.364831 0.883251 0.828962
0.316844 0.980859 0.783300
0.283209 0.778961 0.950898
0.314655 0.796143 0.826620
0.312450 0.937094 0.788305
0.297939 0.919362 0.944207
0.324009 0.939958 0.619124
0.367433 0.717664 0.685488
0.353702 0.842891 0.702503
0.342311 0.881989 0.852917
0.322086 0.863058 0.946345
0.375612 0.829746 0.858928
0.373241 0.812485 0.856490
0.389794 0.461990 0.684651
0.383547 0.792036 0.723872
0.252233 0.827703 0.490357
0.352014 0.907105 0.744289
0.304292 0.618692 0.717243
0.316101 0.927990 0.817869
0.397394 0.900455 0.823403
0.311608 0.879385 0.846757
0.397276 0.836761 0.785506
0.365870 0.760164 0.745786
0.283712 0.542608 0.710109
0.367564 0.648965 0.847834
0.393632 0.840145 0.942984
0.357007 0.667067 0.927345
0.321697 0.675265 0.854525
0.274049 0.813456 0.773021
0.359692 0.739050 0.898016
0.352704 0.833062 0.726512
0.396138 0.756507 0.793861
0.334571 0.731499 0.666618
0.253661 0.803281 0.737385
0.382112 0.734961 0.688504
0.388266 0.693143 0.938736
0.391182 0.482183 0.504615
0.297313 0.612861 0.488764
0.365352 0.678021 0.948863
0.322882 0.979649 0.741962
0.355450 0.815413 0.894672
0.390710 0.833851 0.835755
0.275802 0.879626 0.839715
0.265135 0.681323 0.892324
0.376655 0.836671 0.934805
0.334848 0.831546 0.861584
0.383010 0.676910 0.527788
0.338359 0.885120 0.882383
0.297455 0.756761 0.873078
0.384268 0.947229 0.760822
0.358360 0.842119 0.658827
0.367002 0.880025 0.826639
0.333269 0.745231 0.791720
0.339556 0.746068 0.927651
0.375759 0.910463 0.891409
0.325078 0.723308 0.797364
0.368606 0.701586 0.742949
0.376183 0.821522 0.791398
0.375103 0.723640 0.427604
0.352786 0.823312 0.784747
0.367419 0.708077 0.962575
0.328425 0.875287 0.848269
0.375628 0.893747 0.920449
0.376235 0.848268 0.913264
0.381727 0.738955 0.607448
0.391325 0.907374 0.821792
0.397233 0.818392 0.838451
0.370369 0.678644 0.882894
0.341570 0.867858 0.794047
0.391191 0.927433 0.797050
0.390985 0.822919 0.626468
0.336175 0.894231 0.786468
0.392261 0.934452 0.788518
0.368849 0.875706 0.774289
0.372048 0.888385 0.722853
0.312574 0.759688 0.928671
0.275780 0.910367 0.819210
0.338925 0.788463 0.722028
0.352746 0.673667 0.591651
0.388079 0.802103 0.680350
0.368686 0.708123 0.910563
0.368286 0.905205 0.851929
0.303826 0.960889 0.771268
0.357012 0.895398 0.808238
0.393590 0.927047 0.814137
0.348854 0.818817 0.647599
0.345575 0.908498 0.943336
0.365028 0.849992 0.814988
0.392380 0.755185 0.979155
0.384990 0.817627 0.772897
0.396913 0.955778 0.774991
0.382264 0.989349 0.802612
0.387369 0.923521 0.805105
0.369514 0.961350 0.854520
0.321632 0.783915 0.824259
0.314797 0.856577 0.822969
0.370512 0.808087 0.854529
0.365264 0.878768 0.945660
0.375791 0.710360 0.967160
0.381660 0.790249 0.922711
0.359992 0.854623 0.876422
0.370956 0.854335 0.866731
0.349769 0.780292 0.814364
0.324286 0.805829 0.988990
0.353158 0.921715 0.692895
0.385998 0.978503 0.971766
0.333420 0.838912 0.881913
0.357543 0.772389 0.845218
0.363371 0.896982 0.926768
0.367952 0.887970 0.802105
0.399149 0.778467 0.932918
0.268082 0.854439 0.796372
0.357356 0.716314 0.849883
0.391379 0.724117 0.810028
0.354885 0.982904 0.724797
0.358835 0.922963 0.791275
0.381275 0.774296 0.872001
0.382793 0.784674 0.947353
0.356571 0.928902 0.872817
0.355627 0.804211 0.915836
0.379662 0.918489 0.790653
0.328169 0.733458 0.858256
0.369191 0.839626 0.881046
0.354526 0.906597 0.776810
0.357943 0.777034 0.941024
0.320943 0.933915 0.885819
0.383762 0.777788 0.896306
0.380475 0.705619 0.795210
0.395918 0.637707 0.527790
0.399705 0.912925 0.754893
0.326004 0.978822 0.770413
0.350663 0.668498 0.832856
0.334719 0.678063 0.515656
0.388564 0.821123 0.912032
0.351297 0.788330 0.891725
0.344486 0.895319 0.713415
0.357176 0.766826 0.499132
0.389217 0.848398 0.818862
0.363932 0.854766 0.841648
0.343130 0.837337 0.794949
0.376242 0.841886 0.650417
0.390281 0.885959 0.646086
0.334660 0.958962 0.881472
0.382105 0.756810 0.925916
0.338759 0.831368 0.460816
0.397210 0.806681 0.851353
0.395022 0.822767 0.828703
0.373414 0.858487 0.903320
0.362295 0.840941 0.890765
0.279948 0.951886 0.799906
0.360863 0.812268 0.893443
0.368356 0.812636 0.818345
0.385544 0.828527 0.895360
0.356863 0.783232 0.916545
0.388019 0.638015 0.487892
0.348213 0.896085 0.713923
0.386610 0.831155 0.923649
0.390292 0.700838 0.846780
0.392465 0.817244 0.615493
0.358340 0.841066 0.845002
0.395382 0.571847 0.825345
0.354767 0.698132 0.748039
0.330137 0.884223 0.836020
0.324970 0.952055 0.825975
0.394959 0.829697 0.667196
0.375549 0.699433 0.885941
0.398093 0.815382 0.712710
0.293059 0.817555 0.975420
0.399453 0.727907 0.925914
0.353896 0.861331 0.822359
0.300082 0.813509 0.759153
0.327367 0.964045 0.708590
0.342011 0.835768 0.721659
0.342636 0.773791 0.825158
0.352023 0.625446 0.757419
0.385343 0.649849 0.568153
0.254180 0.856459 0.620891
0.368686 0.822848 0.827037
0.373550 0.949941 0.809710
0.385811 0.844275 0.814847
0.277401 0.955656 0.851344
0.300072 0.859389 0.843010
0.352255 0.693869 0.862020
0.353137 0.954256 0.761918
0.353563 0.833748 0.878766
0.365291 0.867974 0.859653
0.376712 0.864160 0.817724
0.373642 0.897930 0.777963
0.372743 0.909867 0.815399
0.375705 0.932237 0.812587
0.384088 0.830814 0.824087
0.299609 0.902344 0.726401
0.395263 0.768790 0.817095
0.307362 0.968680 0.576473
0.364206 0.859746 0.828944
0.338240 0.792851 0.646434
0.395173 0.841483 0.823099
0.373940 0.868134 0.591459
0.386006 0.792823 0.727003
0.398496 0.721574 0.810112
0.388026 0.858853 0.680924
0.352221 0.935191 0.813969
0.399933 0.588946 0.729579
0.362230 0.973771 0.757854
0.350501 0.890320 0.651583
0.385175 0.825196 0.868462
0.296486 0.829675 0.810979
0.398759 0.958765 0.780412
0.396164 0.859865 0.584031
0.390191 0.813300 0.846216
0.368340 0.794897 0.784840
0.390895 0.764801 0.829810
0.368145 0.965708 0.499580
0.338564 0.742603 0.793786
0.329093 0.495888 0.627696
0.394632 0.877141 0.840705
0.394538 0.851255 0.755933
0.372373 0.644815 0.709212
0.317213 0.982260 0.772985
0.335501 0.775555 0.892648
0.394397 0.868787 0.949122
0.386498 0.988176 0.851232
0.395192 0.890072 0.793244
0.380827 0.809142 0.565766
0.375760 0.936055 0.888171
0.387783 0.941436 0.782365
0.389260 0.941213 0.933585
0.344265 0.876763 0.881080
0.357990 0.832006 0.861266
0.393885 0.522129 0.689309
0.376012 0.822209 0.907279
0.310196 0.947163 0.778328
0.292810 0.874712 0.893374
0.306516 0.647670 0.949090
0.334321 0.690173 0.384065
0.399105 0.719397 0.869371
0.374993 0.751062 0.925091
0.362607 0.853556 0.852293
0.348598 0.931086 0.832908
0.344258 0.781588 0.879573
0.376909 0.766587 0.750446
0.385460 0.630491 0.718685
0.306377 0.596941 0.460065
0.335483 0.901235 0.873238
0.354866 0.982315 0.852046
0.337705 0.899929 0.957594
0.389960 0.826843 0.890620
0.308071 0.743263 0.926070
0.346591 0.939748 0.736343
0.383265 0.840777 0.796672
0.397348 0.755718 0.945120
0.342438 0.905761 0.821830
0.309655 0.771392 0.632878
0.351685 0.831702 0.628029
0.377876 0.750249 0.938677
0.397745 0.705768 0.945695
0.350901 0.908807 0.886313
0.324019 0.887985 0.399086
0.388979 0.776278 0.834680
0.312177 0.930474 0.893372
0.390582 0.821159 0.800101
0.346116 0.705625 0.962089
0.396838 0.476934 0.678995
0.369205 0.745133 0.919797
0.365303 0.772426 0.815763
0.396911 0.750349 0.882113
0.286113 0.968360 0.927377
0.351734 0.963491 0.623673
0.327008 0.947105 0.855750
0.378235 0.677951 0.823945
0.291539 0.844231 0.473029
0.262015 0.758556 0.533170
0.353774 0.846714 0.850681
0.330664 0.725359 0.975450
0.385221 0.879618 0.765793
0.379145 0.825108 0.815028
0.364031 0.789205 0.761623
0.397976 0.850141 0.807581
0.337156 0.742184 0.875971
0.341325 0.890802 0.711588
0.228915 0.821200 0.846227
0.385714 0.756528 0.829299
0.388620 0.860755 0.687191
0.393933 0.603020 0.938123
0.375896 0.761919 0.938529
0.305973 0.642238 0.841275
0.378994 0.621901 0.834911
0.365809 0.677927 0.819406
0.283265 0.795246 0.908368
0.315470 0.803325 0.928528
0.364520 0.840414 0.949153
0.385520 0.816991 0.757553
0.372689 0.932086 0.998260
0.371297 0.929249 0.695044
0.393771 0.952878 0.776212
0.359058 0.889330 0.877408
0.374108 0.771343 0.900921
0.353880 0.922645 0.838284
0.374200 0.909727 0.761546
0.377462 0.929715 0.671217
0.372479 0.708357 0.835140
0.378358 0.885515 0.746998
0.315154 0.830839 0.848036
0.314996 0.888753 0.685912
0.350179 0.705932 0.610261
0.384199 0.889211 0.757223
0.314811 0.866326 0.926516
0.391935 0.835453 0.794279
0.316174 0.858234 0.587703
0.378763 0.961896 0.724023
0.391877 0.713225 0.888674
0.360794 0.815766 0.916417
0.399711 0.778620 0.757567
0.334287 0.794666 0.875591
0.391794 0.826944 0.798955
0.383791 0.871802 0.840943
0.347267 0.888912 0.910918
0.353564 0.953877 0.692243
0.390443 0.973235 0.792768
0.247794 0.857487 0.628616
0.345841 0.650408 0.730418
0.394447 0.912652 0.801605
0.347311 0.864968 0.696058
0.376440 0.949636 0.854763
0.356956 0.828035 0.663271
0.330105 0.888688 0.893849
0.343747 0.936526 0.776290
0.319861 0.857262 0.872142
0.378444 0.708915 0.263651
0.392124 0.845479 0.788260
0.356649 0.856217 0.769421
0.361943 0.971485 0.818184
0.384648 0.836326 0.836809
0.381832 0.646151 0.541918
0.372728 0.862682 0.651205
0.336183 0.642636 0.927654
0.326691 0.769197 0.881167
0.365609 0.960618 0.766010
0.383813 0.888771 0.901124
0.372154 0.783588 0.864491
0.371357 0.724691 0.863870
0.357561 0.856557 0.821048
0.310510 0.899378 0.974138
0.394615 0.831277 0.815824
0.294121 0.866140 0.654747
0.374748 0.752685 0.964892
0.312505 0.833272 0.896057
0.399791 0.834042 0.951419
0.300521 0.859198 0.896007
0.392542 0.802805 0.924349
0.299029 0.868369 0.582039
0.356601 0.762714 0.920885
0.260907 0.878690 0.879660
0.383759 0.737946 0.903956
0.377461 0.802846 0.791435
0.303966 0.672737 0.520514
0.382336 0.783679 0.782712
0.287873 0.914786 0.777609
0.355337 0.757388 0.787759
0.393480 0.743488 0.787694
0.351987 0.956334 0.666355
0.395082 0.833577 0.754536
0.393656 0.707259 0.951347
0.390928 0.812474 0.841604
0.366145 0.917502 0.713349
0.364291 0.790963 0.827020
0.315583 0.771028 0.604320
0.364484 0.950823 0.785323
0.285666 0.744235 0.886912
0.396131 0.797644 0.924948
0.349073 0.831754 0.832986
0.388448 0.932683 0.889601
0.393308 0.717831 0.822046
0.379671 0.834388 0.701793
0.393128 0.863717 0.789282
0.292297 0.776324 0.715174
0.350063 0.778895 0.732891
0.329427 0.786878 0.875311
0.397244 0.773920 0.973944
0.324700 0.900771 0.862604
0.321806 0.875333 0.635965
0.378534 0.936002 0.785901
0.370631 0.835295 0.829916
0.394857 0.752322 0.954350
0.381774 0.816060 0.872245
0.371820 0.871865 0.852998
0.390452 0.895318 0.782652
0.378117 0.925525 0.875312
0.359922 0.940609 0.963715
0.336847 0.949552 0.703335
0.387199 0.911447 0.724102
0.376649 0.759021 0.815856
0.291411 0.900176 0.831490
0.336695 0.820740 0.832383
0.354519 0.551094 0.652394
0.352254 0.886137 0.883553
0.399060 0.881554 0.900514
0.344528 0.972794 0.946546
0.348039 0.925316 0.673097
0.356656 0.812655 0.665102
0.386632 0.945331 0.806995
0.342764 0.844596 0.874338
0.385996 0.927549 0.912689
0.373819 0.871475 0.976635
0.397721 0.638187 0.700851
0.363728 0.947375 0.854885
0.325166 0.764408 0.620252
0.385598 0.752707 0.573558
0.399511 0.895903 0.873716
0.369406 0.835844 0.811814
0.392130 0.964153 0.691245
0.389807 0.377336 0.447086
0.385570 0.829859 0.843299
0.384047 0.901100 0.854200
0.361261 0.821610 0.900343
0.380249 0.685298 0.733492
0.364939 0.779172 0.741233
0.350313 0.817447 0.858690
0.398997 0.883566 0.969656
0.344913 0.898074 0.889865
0.391939 0.847401 0.871968
0.365537 0.769160 0.793967
0.338843 0.750641 0.653552
0.294888 0.867381 0.888578
0.300818 0.782743 0.701568
0.319844 0.871132 0.752148
0.320991 0.792982 0.810261
0.362298 0.892866 0.803048
0.320511 0.883218 0.694703
0.368411 0.923627 0.860394
0.369406 0.904466 0.736132
0.354346 0.856836 0.775212
0.366558 0.893353 0.784342
0.363981 0.892796 0.747482
0.349865 0.693182 0.932674
0.364977 0.764915 0.875345
0.394029 0.690322 0.920289
0.390087 0.739898 0.821160
0.317323 0.727884 0.536340
0.379675 0.929702 0.650935
0.339417 0.824259 0.835685
0.309452 0.671360 0.798346
0.377471 0.811111 0.889432
0.307368 0.838508 0.902705
0.375488 0.924680 0.753282
0.377780 0.657022 0.884962
0.341363 0.725370 0.719806
0.383454 0.912566 0.800604
0.397568 0.801423 0.668513
0.376484 0.699345 0.719475
0.372415 0.749228 0.789080
0.352437 0.945203 0.819168
0.380912 0.724199 0.679283
0.350173 0.876931 0.913042
0.388314 0.818794 0.840320
0.354928 0.942563 0.832535
0.376633 0.788885 0.708401
0.395574 0.903642 0.909074
0.396182 0.739314 0.788373
0.342999 0.819874 0.998504
0.320736 0.876928 0.923644
0.379990 0.820053 0.890314
0.370102 0.900425 0.752406
0.392624 0.930845 0.758390
0.367886 0.932526 0.545911
0.355402 0.883812 0.575236
0.376393 0.742164 0.848774
0.397744 0.934152 0.763548
0.384066 0.812069 0.795726
0.391726 0.808447 0.793876
0.372385 0.906300 0.801790
0.388089 0.828767 0.954070
0.391749 0.861577 0.856348
0.376413 0.797898 0.891280
0.333425 0.892477 0.941209
0.365126 0.902675 0.888636
0.327990 0.913007 0.888266
0.306345 0.857578 0.727667
0.351184 0.892212 0.821430
0.371333 0.786964 0.967710
0.372257 0.963964 0.845587
0.345928 0.749850 0.819315
0.394491 0.749084 0.917295
0.334473 0.793776 0.950427
0.391956 0.773696 0.836845
0.396803 0.832829 0.857238
0.395386 0.895634 0.811909
0.396655 0.737548 0.906266
0.346926 0.466682 0.794927
0.392354 0.835606 0.674034
0.397182 0.855747 0.937187
0.328162 0.834831 0.495279
0.383187 0.948994 0.872918
0.359185 0.767265 0.893856
0.394704 0.899099 0.871811
0.375915 0.915696 0.926028
0.383044 0.923195 0.830978
0.383853 0.906048 0.943403
0.383852 0.919691 0.891163
0.372820 0.633404 0.850858
0.369375 0.923032 0.845417
0.381355 0.852692 0.768326
0.394889 0.839671 0.919960
0.392618 0.763814 0.759554
0.398720 0.555457 0.868391
0.379897 0.840135 0.936151
0.363141 0.825542 0.942040
0.352458 0.836329 0.834439
0.399445 0.838680 0.819940
0.379335 0.635488 0.634388
0.397436 0.883379 0.745888
0.326833 0.889763 0.857418
0.353306 0.691462 0.779616
0.282268 0.971003 0.866308
0.350167 0.767098 0.751384
0.390667 0.886086 0.848654
0.353829 0.905237 0.864840
0.378567 0.615987 0.643692
0.340867 0.649821 0.713090
0.358324 0.838479 0.721691
0.366852 0.745949 0.596458
0.371423 0.803403 0.595882
0.275524 0.966688 0.785687
0.292929 0.806679 0.952553
0.362371 0.817756 0.792113
0.336289 0.800702 0.806298
0.315023 0.812542 0.928875
0.306374 0.872646 0.872977
0.376514 0.821401 0.962419
0.356087 0.771824 0.932904
0.388094 0.828816 0.851049
0.291744 0.796739 0.978731
0.262373 0.648483 0.647149
0.322180 0.811647 0.845035
0.399771 0.633758 0.662045
0.290847 0.769365 0.970462
0.339972 0.730201 0.827287
0.392180 0.816919 0.779964
0.298710 0.781743 0.789323
0.329525 0.980196 0.708186
0.312383 0.901862 0.876345
0.374205 0.688804 0.753136
0.398671 0.694035 0.651737
0.379142 0.752597 0.769653
0.350375 0.901740 0.826009
0.397854 0.861827 0.703075
0.325126 0.773935 0.779556
0.386317 0.911234 0.798005
0.309659 0.936601 0.639655
0.388751 0.877957 0.729378
0.308189 0.887888 0.833273
0.317048 0.781464 0.947068
0.317535 0.550743 0.458455
0.377789 0.760186 0.844566
0.372114 0.894959 0.953835
0.366918 0.684888 0.964642
0.374616 0.660408 0.883036
0.335628 0.931118 0.682028
0.358594 0.795813 0.952440
0.387055 0.855533 0.845272
0.374754 0.948600 0.751719
0.369723 0.673527 0.658548
0.370452 0.904618 0.690388
0.336023 0.887833 0.900799
0.357907 0.843199 0.902858
0.369735 0.805445 0.933759
0.362666 0.891750 0.942951
0.390379 0.734468 0.760402
0.387077 0.886891 0.926664
0.369236 0.888018 0.922337
0.384946 0.769830 0.904387
0.395719 0.865579 0.788723
0.366552 0.663411 0.673769
0.357333 0.944155 0.782299
0.373302 0.499260 0.680608
0.373095 0.852420 0.735114
0.330887 0.963710 0.694437
0.355677 0.839750 0.729646
0.367507 0.621276 0.789489
0.397090 0.941484 0.810270
0.383932 0.648807 0.563352
0.380221 0.950355 0.755704
0.398045 0.625373 0.451173
0.380878 0.935260 0.825570
0.389458 0.952141 0.526587
0.322172 0.844120 0.935583
0.379038 0.948709 0.906306
0.380025 0.925095 0.964354
0.394543 0.841504 0.915787
0.380235 0.888013 0.923099
0.367160 0.944706 0.786724
0.325110 0.729277 0.786935
0.390880 0.787008 0.921436
0.307351 0.652766 0.671097
0.359659 0.910617 0.795134
0.334898 0.948036 0.914947
0.399812 0.672803 0.556925
0.334931 0.872216 0.704943
0.304331 0.898470 0.722891
0.339550 0.833214 0.836585
0.383694 0.737206 0.810201
0.362374 0.742281 0.874951
0.365608 0.921409 0.681401
0.275097 0.656785 0.394416
0.312996 0.818908 0.509364
0.257912 0.571003 0.378522
0.344208 0.696094 0.742763
0.387756 0.789344 0.743121
0.371249 0.691133 0.859352
0.327459 0.925123 0.733251
0.366217 0.903251 0.676068
0.336146 0.866745 0.786329
0.366311 0.634416 0.860978
0.288865 0.837870 0.924122
0.390486 0.693094 0.873734
0.374381 0.850782 0.542073
0.398425 0.850192 0.791359
0.353538 0.971347 0.669856
0.262163 0.890710 0.745412
0.390361 0.788959 0.859545
0.307730 0.782012 0.670884
0.319386 0.927950 0.874819
0.352801 0.787613 0.684143
0.392530 0.529501 0.841907
0.364034 0.614795 0.703900
0.381971 0.922717 0.776838
0.333184 0.795486 0.757578
0.357376 0.888442 0.865946
0.355716 0.746324 0.859367
0.314302 0.773791 0.966912
0.379982 0.838660 0.926477
0.329995 0.869147 0.883725
0.397654 0.877704 0.897874
0.361095 0.739871 0.514097
0.387664 0.761210 0.878908
0.395759 0.934227 0.769132
0.375952 0.795235 0.807299
0.376991 0.811424 0.819223
0.350690 0.615463 0.942657
0.368140 0.824606 0.815539
0.390538 0.739150 0.508986
0.359125 0.836545 0.870914
0.325244 0.878842 0.821047
0.385110 0.742608 0.824371
0.393141 0.956303 0.770498
0.387481 0.614870 0.959687
0.280022 0.700110 0.795159
0.384553 0.936136 0.728681
0.361888 0.866546 0.851233
0.332388 0.898009 0.830456
0.384851 0.858877 0.769947
0.350046 0.846206 0.787067
0.384039 0.767912 0.818213
0.396120 0.835694 0.831259
0.223367 0.759513 0.516654
0.379112 0.530308 0.569408
0.392822 0.968422 0.655121
0.281751 0.889429 0.483312
0.347502 0.800150 0.879305
0.357419 0.795173 0.910286
0.382455 0.788368 0.929223
0.398992 0.840373 0.909581
0.339273 0.872665 0.804230
0.377943 0.874352 0.822178
0.325295 0.815281 0.755254
0.328462 0.808903 0.933479
0.387500 0.854655 0.734758
0.320475 0.955607 0.759042
0.276607 0.958136 0.818074
0.282706 0.707521 0.587532
0.379313 0.829027 0.639367
0.374701 0.914975 0.817632
0.274278 0.923764 0.733745
0.382055 0.866230 0.834889
0.378946 0.839902 0.901421
0.366638 0.941049 0.688920
0.399136 0.758805 0.730997
0.300267 0.917425 0.831000
0.359511 0.858199 0.910188
0.363586 0.806549 0.685343
0.396021 0.775234 0.928136
0.395398 0.856673 0.812607
0.380406 0.802546 0.767036
0.290186 0.653404 0.605133
0.347490 0.850403 0.960139
0.311927 0.880463 0.791470
0.349505 0.875586 0.872082
0.383267 0.927986 0.456951
0.381570 0.699443 0.910185
0.342412 0.950568 0.883851
0.262287 0.726479 0.548573
0.342830 0.778432 0.693266
0.364199 0.787350 0.469312
0.387359 0.909079 0.880155
0.365395 0.851382 0.814288
0.390861 0.802514 0.752599
0.276627 0.792004 0.765398
0.377421 0.732664 0.688195
0.360664 0.789028 0.673027
0.396849 0.545968 0.864935
0.274188 0.941014 0.336844
0.399315 0.852951 0.770115
0.354557 0.757906 0.669196
0.349742 0.827683 0.667023
0.399088 0.825217 0.838925
0.362091 0.748225 0.991210
0.398627 0.897151 0.875137
0.396313 0.816119 0.728878
0.317027 0.847626 0.496698
0.343779 0.844468 0.753751
0.320172 0.943125 0.645480
0.395210 0.777925 0.824027
0.393823 0.914692 0.833836
0.373440 0.957237 0.647054
0.386056 0.826814 0.916692
0.354415 0.794956 0.730478
0.382134 0.829916 0.816311
0.378603 0.912138 0.845471
0.336002 0.750040 0.792647
0.319949 0.958188 0.776132
0.383921 0.896516 0.702443
0.382008 0.830827 0.873048
0.349612 0.820954 0.711389
0.370640 0.904956 0.846024
0.320949 0.842001 0.766819
0.385190 0.654974 0.073571
0.389891 0.755061 0.815857
0.368968 0.862224 0.969763
0.390818 0.850531 0.706321
0.341210 0.842317 0.706043
0.346892 0.908050 0.809458
0.375929 0.886421 0.817853
0.391657 0.977985 0.733244
0.396177 0.626187 0.884514
0.385330 0.865454 0.816100
0.390540 0.903217 0.865755
0.380231 0.701289 0.979112
0.353292 0.742231 0.734731
0.367174 0.823533 0.683134
0.330967 0.808493 0.923171
0.386904 0.966136 0.718807
0.390767 0.741563 0.899534
0.351629 0.766674 0.907641
0.365277 0.835521 0.791521
0.361171 0.873524 0.903095
0.315948 0.951439 0.870570
0.294933 0.896631 0.822699
0.369008 0.918491 0.882987
0.387023 0.898713 0.821025
0.344255 0.775264 0.894335
0.385349 0.964144 0.865737
0.212198 0.722660 0.784568
0.326994 0.860916 0.781911
0.309066 0.923417 0.581691
0.346359 0.776062 0.644722
0.389915 0.862023 0.914254
0.342654 0.884742 0.971491
0.273676 0.814220 0.486965
0.344678 0.781853 0.763080
0.351096 0.854993 0.772912
0.380899 0.867154 0.705395
0.396743 0.841064 0.492548
0.342365 0.975661 0.798924
0.372728 0.766426 0.889714
0.237427 0.687212 0.522435
0.369223 0.902538 0.775508
0.397151 0.836329 0.893870
0.339751 0.940025 0.854907
0.398286 0.757713 0.620168
0.372865 0.862979 0.808172
0.381792 0.788554 0.666044
0.381168 0.895400 0.870108
0.310406 0.809116 0.918708
0.324820 0.781866 0.912622
0.398844 0.864895 0.953460
0.387222 0.906483 0.798365
0.391023 0.732281 0.802703
0.332654 0.900759 0.878562
0.383723 0.849004 0.708547
0.340445 0.740787 0.762988
0.356799 0.781175 0.772338
0.394848 0.832169 0.814793
0.312226 0.700445 0.640173
0.398014 0.911822 0.825092
0.376563 0.913589 0.907696
0.386718 0.808424 0.711745
0.255019 0.753557 0.542816
0.363127 0.946118 0.644750
0.399457 0.811639 0.672334
0.392629 0.626986 0.436810
0.363994 0.839107 0.804807
0.327620 0.759119 0.861469
0.378909 0.678061 0.430926
0.390224 0.534893 0.982214
0.352357 0.884462 0.494118
0.394909 0.817041 0.953773
0.399571 0.736785 0.545316
0.316745 0.930603 0.652384
0.356411 0.822288 0.897420
0.316624 0.738724 0.890453
0.391515 0.858958 0.889091
0.327138 0.947401 0.341497
0.363759 0.938901 0.873880
0.365381 0.908772 0.942576
0.351669 0.865399 0.607433
0.276793 0.889931 0.753511
0.390912 0.915251 0.777803
0.360266 0.780120 0.855168
0.371279 0.730922 0.786497
0.394142 0.716323 0.896842
0.336547 0.868700 0.798730
0.358938 0.946642 0.964792
0.382061 0.467148 0.889263
0.279670 0.864680 0.684780
0.390472 0.931341 0.794492
0.364344 0.979100 0.863378
0.314972 0.833254 0.884575
0.357916 0.612904 0.967681
0.344417 0.952556 0.749484
0.369829 0.900972 0.814487
0.336791 0.919915 0.774867
0.332918 0.814018 0.891361
0.384931 0.803302 0.353530
0.356807 0.873070 0.579204
0.379548 0.958941 0.781649
0.366456 0.827509 0.862169
0.397408 0.675076 0.503646
0.310074 0.908935 0.920511
0.270300 0.758156 0.917528
0.353469 0.735682 0.555182
0.324346 0.815679 0.866663
0.312011 0.963586 0.782325
0.371408 0.805392 0.961262
0.337627 0.904637 0.666265
0.391504 0.914772 0.875883
0.392269 0.884172 0.871276
0.312021 0.903111 0.771761
0.354949 0.870340 0.992048
0.389585 0.853998 0.807159
0.380321 0.890154 0.789481
0.286029 0.940955 0.843931
0.309740 0.930258 0.870222
0.354900 0.842217 0.783263
0.389575 0.652033 0.873110
0.369123 0.707552 0.577483
0.396282 0.781118 0.929673
0.394284 0.813214 0.943176
0.365154 0.762616 0.838615
0.378373 0.840948 0.842615
0.342867 0.734394 0.895338
0.387260 0.909289 0.821943
0.396972 0.835595 0.855353
0.364569 0.897140 0.857791
0.369203 0.905430 0.880676
0.361458 0.884496 0.725080
0.398576 0.701832 0.897993
0.399526 0.661242 0.968151
0.399438 0.884995 0.971232
0.389220 0.958737 0.656126
0.381083 0.869802 0.760598
0.387753 0.671970 0.771372
0.377832 0.816204 0.812726
0.293753 0.792368 0.938636
0.239425 0.972453 0.713407
0.395134 0.861408 0.765445
0.336345 0.880657 0.743963
0.351672 0.657902 0.748341
0.373389 0.821833 0.864457
0.385553 0.941550 0.962792
0.380148 0.869348 0.764821
0.392846 0.930617 0.763194
0.297046 0.951469 0.505608
0.327379 0.961693 0.944757
0.356910 0.889077 0.805403
0.384461 0.994526 0.405104
0.359589 0.845665 0.428562
0.325746 0.757979 0.815440
0.373634 0.772857 0.838221
0.351661 0.733667 0.717135
0.387908 0.863175 0.938519
0.340384 0.817233 0.818125
0.307015 0.904575 0.819788
0.396635 0.988170 0.880275
0.343085 0.777115 0.828455
0.319524 0.816644 0.822669
0.356096 0.898110 0.943532
0.352982 0.806824 0.807776
0.327965 0.961304 0.885418
0.377784 0.736775 0.766320
0.396304 0.807151 0.650447
0.397100 0.872606 0.872953
0.372088 0.695094 0.673577
0.311324 0.651644 0.874516
0.392087 0.692738 0.479360
0.377031 0.798100 0.683938
0.392070 0.873069 0.779570
0.344150 0.884843 0.839280
0.269439 0.964883 0.860774
0.373312 0.794958 0.853575
0.348821 0.946147 0.840580
0.371764 0.861497 0.792516
0.301757 0.787907 0.776725
0.394668 0.801682 0.944270
0.373302 0.954631 0.875019
0.391144 0.754936 0.867387
0.385074 0.811573 0.974098
0.387254 0.974871 0.770058
0.355783 0.889060 0.794425
0.363148 0.847254 0.582265
0.399108 0.904648 0.782545
0.384984 0.785084 0.744251
0.387774 0.946763 0.808248
0.387946 0.761734 0.794276
0.366877 0.698652 0.798822
0.281003 0.944176 0.693723
0.357798 0.843154 0.873314
0.350531 0.941786 0.815488
0.345996 0.899499 0.937897
0.390317 0.785068 0.869262
0.297870 0.829032 0.583597
0.396649 0.772498 0.855631
0.387479 0.897333 0.763972
0.313695 0.781231 0.541632
0.373458 0.826370 0.885519
0.369311 0.592502 0.768007
0.329593 0.966369 0.881527
0.392755 0.888193 0.971157
0.351511 0.760259 0.518781
0.382548 0.853078 0.845061
0.388956 0.661369 0.561809
0.320635 0.882290 0.633897
0.373095 0.949230 0.746071
0.325589 0.737279 0.811405
0.356759 0.959785 0.821487
0.398868 0.710463 0.448403
0.341125 0.700422 0.716947
0.366760 0.939488 0.796133
0.384671 0.816156 0.806714
0.381069 0.866045 0.431805
0.398475 0.626560 0.550177
0.399913 0.618329 0.706158
0.389980 0.901374 0.437840
0.372441 0.557589 0.810967
0.387832 0.853125 0.966745
0.368919 0.726848 0.893566
0.327436 0.906347 0.794550
0.349638 0.871335 0.896751
0.324830 0.826260 0.880217
0.362188 0.952039 0.810565
0.395429 0.941909 0.851135
0.241140 0.766354 0.794603
0.385360 0.773034 0.726342
0.346697 0.654252 0.652574
0.380580 0.487890 0.973313
0.383610 0.583684 0.808727
0.392383 0.900555 0.860127
0.347420 0.786347 0.799608
0.292573 0.734763 0.768932
0.261812 0.560923 0.843112
0.297408 0.695313 0.779196
0.311919 0.814995 0.624345
0.339043 0.911700 0.782416
0.236720 0.741674 0.835664
0.382447 0.917282 0.674563
0.291542 0.723887 0.879487
0.296333 0.944791 0.652005
0.332911 0.725275 0.647487
0.359981 0.811366 0.722313
0.323990 0.927044 0.767357
0.338281 0.773635 0.838957
0.387578 0.901358 0.787968
0.329134 0.938981 0.829973
0.384386 0.776630 0.726923
0.378960 0.841059 0.900094
0.335220 0.704608 0.598161
0.395379 0.693183 0.677498
0.363393 0.680713 0.651253
0.371465 0.786586 0.647871
0.359650 0.797215 0.603619
0.372759 0.886089 0.867981
0.324275 0.805571 0.880766
0.365274 0.770101 0.725640
0.378135 0.716500 0.798055
0.393605 0.851297 0.899433
0.382410 0.586739 0.756156
0.350277 0.846268 0.670958
0.351722 0.727745 0.872141
0.369441 0.915430 0.778242
0.358747 0.818661 0.795120
0.385042 0.728620 0.627325
0.330721 0.782575 0.673376
0.391290 0.905221 0.616666
0.350868 0.850896 0.368804
0.361493 0.908244 0.742571
0.352755 0.553306 0.679752
0.351983 0.824865 0.899352
0.394126 0.926690 0.736310
0.374571 0.862270 0.791553
0.379718 0.807400 0.852615
0.383280 0.797110 0.658776
0.381999 0.937045 0.854904
0.349049 0.584417 0.711028
0.335486 0.762504 0.623101
0.302622 0.863977 0.752695
0.378575 0.751183 0.922382
0.256054 0.873334 0.662490
0.389968 0.557550 0.534206
0.329081 0.647785 0.922566
0.271218 0.858565 0.657087
0.266578 0.598133 0.460572
0.292548 0.874551 0.363833
0.346075 0.828890 0.607784
0.389602 0.776272 0.942788
0.352272 0.730267 0.653670
0.347648 0.598403 0.057724
0.391458 0.888888 0.862426
0.313124 0.920190 0.562748
0.376811 0.785484 0.881308
0.363428 0.889064 0.570411
0.388934 0.828067 0.911714
0.303384 0.663314 0.861064
0.357927 0.850466 0.359926
0.312678 0.865240 0.491801
0.373063 0.846992 0.880831
0.232516 0.897547 0.739625
0.375583 0.806268 0.676486
0.395965 0.796805 0.634731
0.350920 0.854763 0.747425
0.367795 0.624580 0.747219
0.390682 0.817084 0.741612
0.380787 0.831911 0.820782
0.369015 0.890850 0.892594
0.378582 0.710066 0.834411
0.396244 0.758433 0.856439
0.387885 0.971098 0.841598
0.393383 0.861691 0.815520
0.345483 0.982083 0.684587
0.334895 0.622608 0.469939
0.310642 0.571729 0.469380
0.364081 0.989363 0.954487
0.336253 0.643722 0.410563
0.347322 0.970045 0.760006
0.303344 0.455341 0.515343
0.369695 0.581943 0.490928
0.356705 0.909701 0.968799
0.292810 0.943059 0.434762
0.358978 0.713456 0.549375
0.241308 0.960870 0.623237
0.399129 0.700678 0.755708
0.362984 0.905578 0.367842
0.383636 0.763215 0.638616
0.398071 0.757389 0.933221
0.325439 0.901980 0.695060
0.330422 0.748493 0.805713
0.398428 0.906126 0.946867
0.208306 0.574302 0.498987
0.357483 0.586533 0.583798
0.359061 0.706623 0.912227
0.353571 0.822840 0.830279
0.376976 0.880507 0.655359
0.381584 0.882646 0.435114
0.326027 0.700309 0.755313
0.322557 0.764105 0.411601
0.372081 0.984894 0.406087
0.360941 0.837344 0.807581
0.352458 0.675659 0.779651
0.346994 0.713260 0.568699
0.390135 0.971433 0.798460
0.358845 0.734725 0.707214
0.394404 0.755507 0.916558
0.393894 0.744556 0.696505
0.386680 0.892221 0.877294
0.356959 0.823590 0.707817
0.386809 0.762102 0.890642
0.266315 0.782835 0.427350
0.399070 0.828704 0.400175
0.354459 0.910421 0.903514
0.379082 0.778440 0.876320
0.195227 0.765443 0.670863
0.283455 0.608562 0.419908
0.371154 0.714737 0.577978
0.390568 0.894834 0.181086
0.322381 0.537566 0.669331
0.364676 0.889182 0.944808
0.397035 0.644503 0.915434
0.396705 0.590860 0.643073
0.370375 0.637000 0.623278
0.349478 0.646705 0.649716
0.265811 0.852805 0.444987
0.313255 0.832311 0.552354
0.317259 0.829205 0.937768
0.362483 0.465696 0.406496
0.362083 0.948409 0.744452
0.308147 0.722034 0.129759
0.305253 0.484979 0.154118
0.360976 0.832145 0.883121
0.360961 0.827931 0.711811
0.391790 0.850934 0.830596
0.262964 0.991884 0.574457
0.370532 0.875647 0.537605
0.365749 0.759915 0.839484
0.378080 0.965227 0.664600
0.340237 0.511832 0.546423
0.350375 0.823613 0.416786
0.264028 0.822858 0.330278
0.357851 0.925986 0.866972
0.358987 0.683028 0.877347
0.394453 0.759424 0.432286
0.397322 0.906014 0.847409
0.398449 0.936387 0.783928
0.329232 0.681999 0.597182
0.385186 0.647668 0.889112
0.301213 0.760422 0.767162
0.334997 0.691055 0.696877
0.384341 0.740931 0.360642
0.322886 0.647719 0.916947
0.297681 0.949782 0.541705
0.356794 0.779360 0.423586
0.319224 0.577174 0.420180
0.345277 0.807714 0.403966
0.244554 0.856738 0.364923
0.316489 0.710242 0.928738
0.389251 0.905523 0.608071
0.275675 0.252893 0.353747
0.364040 0.705537 0.799046
0.398199 0.892368 0.668995
0.368870 0.893011 0.747266
0.362678 0.846023 0.936172
0.357713 0.572065 0.289489
0.373122 0.800068 0.929097
0.333461 0.707427 0.452000
0.294981 0.808792 0.551974
0.393514 0.765981 0.922576
0.369879 0.824475 0.836160
0.371215 0.656677 0.842535
0.323282 0.750306 0.392151
0.319073 0.958580 0.835196
0.344256 0.570946 0.762443
0.277582 0.879809 0.261636
0.357297 0.833392 0.750056
0.393179 0.541323 0.693446
0.350746 0.836025 0.605842
0.362177 0.694100 0.735114
0.380126 0.787204 0.805565
0.393007 0.587992 0.717623
0.229723 0.795058 0.447910
0.397875 0.746609 0.733263
0.394187 0.451983 0.849449
0.382369 0.589224 0.732572
0.208581 0.844855 0.766909
0.387469 0.692567 0.640187
0.383030 0.726836 0.826160
0.378325 0.389761 0.385495
0.399624 0.979290 0.631910
0.371124 0.844847 0.414317
0.155831 0.705443 0.537281
0.377834 0.737955 0.098238
0.394505 0.580533 0.349186
0.383588 0.265188 0.611950
0.366451 0.792591 0.863124
0.366247 0.929528 0.726990
0.358337 0.666287 0.924404
0.371430 0.387892 0.507272
0.333136 0.633645 0.571341
0.245130 0.936712 0.450717
0.377339 0.809914 0.446529
0.383027 0.660432 0.343503
0.362999 0.743959 0.642987
0.362999 0.743959 0.642987
0.392517 0.905002 0.809035
0.378810 0.821751 0.876820
0.335107 0.653688 0.305809
0.335107 0.653688 0.305809
0.298394 0.720573 0.564123
0.294419 0.836299 0.968769
0.374238 0.790941 0.974336
0.291241 0.900839 0.270170
0.317142 0.429829 0.688408
0.277762 0.537863 0.808370
0.390019 0.627408 0.921371
0.385379 0.907600 0.734295
0.360624 0.903935 0.703315
0.351172 0.942269 0.534831
0.396899 0.913354 0.757851
0.372952 0.973283 0.928455
0.365789 0.869409 0.888277
0.372771 0.990089 0.790342
0.380784 0.813796 0.728542
0.385835 0.794831 0.766239
0.323759 0.691814 0.792852
0.304626 0.708031 0.825142
0.363907 0.845117 0.219043
0.223045 0.660656 0.456348
0.273100 0.799844 0.549002
0.326238 0.752946 0.671219
0.276217 0.862266 0.552225
0.386136 0.818506 0.803552
0.369532 0.681561 0.266526
0.305567 0.700661 0.124848
0.317817 0.445763 0.433007
0.393245 0.803055 0.668571
0.355656 0.884377 0.682937
0.371183 0.943339 0.695624
0.350712 0.759632 0.621672
0.375124 0.775818 0.669336
0.348984 0.710491 0.745532
0.313015 0.696798 0.594697
0.390065 0.894965 0.698738
0.255441 0.925551 0.631367
0.307016 0.765624 0.700865
0.238998 0.812196 0.392730
0.214110 0.353568 0.723498
0.384965 0.848424 0.835296
0.376504 0.697774 0.722730
0.313135 0.791122 0.780388
0.383452 0.838262 0.328927
0.368923 0.757281 0.297109
0.392610 0.808109 0.882563
0.293954 0.795444 0.326482
0.333812 0.817363 0.857992
0.246649 0.729411 0.757481
0.352303 0.827983 0.965216
0.347401 0.500569 0.361131
0.358889 0.785539 0.830682
0.369929 0.466441 0.385731
0.385151 0.582428 0.284390
0.353475 0.667582 0.551389
0.225733 0.823977 0.379476
0.306782 0.904904 0.651956
0.274106 0.706951 0.850880
0.330608 0.638745 0.361463
0.282541 0.287376 0.724553
0.359482 0.191222 0.186151
0.287780 0.308955 0.339527
0.285801 0.693235 0.592318
0.371424 0.633577 0.558934
0.380291 0.702469 0.434211
0.386972 0.664792 0.575178
0.387055 0.745331 0.096079
0.389218 0.612153 0.896206
0.368946 0.779609 0.729749
0.366173 0.734597 0.235668
0.293179 0.776107 0.633997
0.306774 0.670658 0.715670
0.396941 0.846772 0.187632
0.333399 0.755919 0.438066
0.389427 0.866353 0.047546
0.342417 0.615437 0.424564
0.396284 0.899160 0.489748
0.393605 0.833363 0.878291
0.389079 0.623192 0.608664
0.363875 0.657942 0.717537
0.373954 0.746563 0.785251
0.318890 0.581841 0.669350
0.367656 0.608161 0.110270
0.297866 0.673749 0.826051
0.348699 0.615729 0.501533
0.292441 0.818642 0.628221
0.356526 0.698692 0.799890
0.399117 0.885305 0.565487
0.350453 0.959101 0.521539
0.278233 0.736376 0.672706
0.368261 0.828570 0.501716
0.364911 0.837159 0.730410
0.294886 0.774021 0.536073
0.356023 0.925737 0.566096
0.300829 0.771971 0.470074
0.395670 0.491543 0.426449
0.366030 0.719998 0.860266
0.303857 0.712807 0.818208
0.203635 0.703042 0.067310
0.395006 0.798452 0.587790
0.318557 0.846524 0.762766
0.341959 0.626361 0.769811
0.385910 0.666767 0.906096
0.399083 0.546886 0.565504
0.383801 0.485487 0.778815
0.333990 0.736945 0.867118
0.377055 0.759120 0.485870
0.319692 0.881621 0.733445
0.383361 0.680575 0.568826
0.393554 0.707423 0.586365
0.245065 0.532532 0.681455
0.248172 0.586341 0.588413
0.314781 0.914975 0.111787
0.390489 0.864652 0.832524
0.342527 0.366416 0.115975
0.312988 0.807180 0.803316
0.359818 0.723464 0.697450
0.373940 0.818525 0.849185
0.343298 0.876141 0.711429
0.312140 0.731000 0.825127
0.310112 0.365875 0.394821
0.387602 0.508821 0.531200
0.391410 0.922329 0.889754
0.397968 0.764256 0.317538
0.384058 0.577071 0.055098
0.243379 0.367435 0.139753
0.392594 0.505058 0.488410
0.320942 0.615083 0.432860
0.397293 0.719100 0.433535
0.377797 0.814105 0.558426
0.386446 0.833548 0.765377
0.386828 0.845835 0.613642
0.338502 0.747037 0.680019
0.392198 0.908498 0.731750
0.380835 0.986507 0.213131
0.389919 0.969489 0.744291
