# Camera list with one line of data per camera:
#   CAMERA_ID, MODEL, WIDTH, HEIGHT, PARAMS[]
# Number of cameras: 26
1 SIMPLE_PINHOLE 528 720 1327.2943537786407 264 360
2 SIMPLE_PINHOLE 528 720 1486.7203111350236 264 360
3 SIMPLE_PINHOLE 528 720 1611.6328827678524 264 360
4 SIMPLE_PINHOLE 528 720 1549.8097806277408 264 360
5 SIMPLE_PINHOLE 528 720 1690.1365066519261 264 360
6 SIMPLE_PINHOLE 528 720 1557.1749573501886 264 360
7 SIMPLE_PINHOLE 528 720 1558.9634268575296 264 360
8 SIMPLE_PINHOLE 528 720 1586.8298487957359 264 360
9 SIMPLE_PINHOLE 528 720 1591.5535312244874 264 360
10 SIMPLE_PINHOLE 528 720 1571.27335606047 264 360
11 SIMPLE_PINHOLE 528 720 2097.5740186360827 264 360
12 SIMPLE_PINHOLE 528 720 1582.3267421600631 264 360
13 SIMPLE_PINHOLE 528 720 1584.2018794617045 264 360
14 SIMPLE_PINHOLE 528 720 1442.9280372270705 264 360
15 SIMPLE_PINHOLE 528 720 1656.2731443677551 264 360
16 SIMPLE_PINHOLE 528 720 1646.8911083670694 264 360
17 SIMPLE_PINHOLE 528 720 1658.3319318772424 264 360
18 SIMPLE_PINHOLE 528 720 1540.399604625555 264 360
19 SIMPLE_PINHOLE 528 720 1496.3083785259887 264 360
20 SIMPLE_PINHOLE 528 720 1586.5322740893921 264 360
21 SIMPLE_PINHOLE 528 720 1576.2298851186254 264 360
22 SIMPLE_PINHOLE 528 720 1508.377146879526 264 360
23 SIMPLE_PINHOLE 528 720 1506.4900047786243 264 360
24 SIMPLE_PINHOLE 528 720 1630.7281341212904 264 360
25 SIMPLE_PINHOLE 528 720 1632.7092678734732 264 360
26 SIMPLE_PINHOLE 528 720 1611.2097391191933 264 360
