0.888271 0.866517 0.832835
0.875428 0.855961 0.826506
0.893415 0.879315 0.848504
0.869702 0.860702 0.831394
0.877101 0.847930 0.843757
0.878248 0.842315 0.831790
0.899467 0.886045 0.871330
0.884012 0.826121 0.775160
0.898579 0.886037 0.853296
0.897492 0.861575 0.824018
0.895332 0.851528 0.844225
0.897853 0.855425 0.836004
0.898273 0.889767 0.800538
0.883494 0.870972 0.833764
0.899709 0.893051 0.874254
0.888384 0.848609 0.818407
0.866939 0.848690 0.831365
0.893973 0.885542 0.870202
0.879702 0.864780 0.843980
0.894057 0.892197 0.810387
0.864841 0.862544 0.802926
0.879364 0.865010 0.839581
0.899080 0.875058 0.868366
0.896733 0.894877 0.848826
0.889966 0.863840 0.860550
0.894057 0.892197 0.810387
0.890092 0.864511 0.831951
0.899413 0.865446 0.842015
0.886051 0.850634 0.809547
0.891629 0.878284 0.799630
0.897062 0.877903 0.838509
0.887079 0.853760 0.828531
0.893880 0.848219 0.842729
0.875082 0.852161 0.836847
0.875435 0.840731 0.798165
0.897544 0.896090 0.844509
0.889320 0.876255 0.871237
0.894316 0.858926 0.840672
0.889094 0.856987 0.803981
0.845127 0.816096 0.804714
0.898772 0.877760 0.822644
0.889275 0.881825 0.862522
0.898634 0.886889 0.880654
0.896583 0.878430 0.842003
0.899411 0.890010 0.864246
0.890310 0.887608 0.868239
0.765101 0.753309 0.703444
0.864203 0.833654 0.809653
0.858280 0.840017 0.817956
0.887713 0.845865 0.819486
0.852775 0.826611 0.817645
0.893507 0.887997 0.859703
0.897822 0.887104 0.825339
0.886418 0.843272 0.822553
0.835815 0.794285 0.774934
0.808945 0.783224 0.773189
0.789423 0.777752 0.759479
0.821787 0.806722 0.786243
0.797982 0.783457 0.765576
0.886380 0.849989 0.838430
0.894447 0.868215 0.849049
0.896509 0.894733 0.868914
0.893967 0.881245 0.855948
0.895664 0.859118 0.842216
0.882046 0.840786 0.836893
0.890944 0.879257 0.877051
0.893902 0.878698 0.841475
0.892702 0.877931 0.853249
0.776898 0.737871 0.731051
0.881220 0.870155 0.862790
0.899015 0.865392 0.844087
0.877639 0.851992 0.837198
0.888712 0.864960 0.855027
0.899286 0.885306 0.882792
0.886623 0.866430 0.821113
0.871729 0.859541 0.842360
0.879452 0.865639 0.849062
0.878310 0.849375 0.837809
0.899618 0.862438 0.814774
0.858290 0.840204 0.783160
0.783766 0.724165 0.719342
0.885065 0.864799 0.835766
0.791653 0.782652 0.759545
0.893238 0.858152 0.839812
0.871196 0.793077 0.781985
0.874471 0.822643 0.784985
0.878478 0.873135 0.862896
0.877011 0.875006 0.833843
0.893890 0.847823 0.828780
0.897692 0.819592 0.805996
0.894484 0.856367 0.825164
0.884976 0.879472 0.863999
0.891456 0.877349 0.866547
0.899598 0.889529 0.859249
0.895913 0.882829 0.863086
0.897807 0.891957 0.865785
0.896847 0.884571 0.833951
0.895761 0.881083 0.838842
0.770971 0.728127 0.676698
0.899949 0.855709 0.838377
0.794093 0.784148 0.780200
0.884829 0.874780 0.827462
0.846267 0.793755 0.780458
0.894766 0.885882 0.872035
0.848055 0.840099 0.796667
0.848399 0.814458 0.785312
0.890525 0.858442 0.819824
0.892973 0.860738 0.789278
0.894722 0.823274 0.801606
0.899417 0.877386 0.865183
0.892996 0.879582 0.870989
0.889575 0.873712 0.860911
0.897990 0.885403 0.862653
0.898584 0.893232 0.859341
0.899709 0.885211 0.869505
0.895378 0.870910 0.854771
0.899976 0.863357 0.852442
0.842174 0.819571 0.810040
0.868312 0.827083 0.807604
0.870303 0.745996 0.699379
0.869411 0.737655 0.714599
0.838204 0.787792 0.774805
0.842669 0.829513 0.742061
0.748760 0.727857 0.722146
0.862117 0.796551 0.785276
0.893700 0.860528 0.842524
0.893576 0.865093 0.835828
0.831399 0.810118 0.800744
0.876638 0.846789 0.790355
0.877280 0.838538 0.795886
0.889455 0.863950 0.808158
0.869273 0.826831 0.773263
0.859495 0.831029 0.817989
0.899631 0.885830 0.839824
0.874719 0.848290 0.834740
0.797805 0.786394 0.759344
0.899988 0.871886 0.813994
0.884906 0.868756 0.835745
0.893863 0.882173 0.876957
0.870842 0.853662 0.851012
0.792350 0.744806 0.732522
0.877336 0.847313 0.835957
0.883625 0.844974 0.823843
0.898030 0.885854 0.851902
0.886459 0.764217 0.661458
0.780123 0.762083 0.649744
0.809327 0.796484 0.623135
0.894870 0.880395 0.871607
0.840996 0.819769 0.711566
0.891784 0.861979 0.803412
0.791643 0.740683 0.702691
0.893648 0.892857 0.858941
0.883988 0.874209 0.822116
0.864304 0.837086 0.817107
0.869081 0.859505 0.841950
0.866882 0.857146 0.807176
0.859941 0.831833 0.818935
0.892806 0.837926 0.822317
0.887800 0.837434 0.812066
0.833784 0.785033 0.776738
0.889307 0.846059 0.803428
0.881777 0.866395 0.848761
0.884319 0.819412 0.804592
0.899566 0.889489 0.861542
0.895225 0.856758 0.824655
0.878628 0.854063 0.823028
0.894573 0.877642 0.871099
0.888202 0.830980 0.808088
0.889851 0.887360 0.865836
0.879079 0.860908 0.815382
0.890529 0.843726 0.820185
0.878629 0.805547 0.796057
0.873156 0.868631 0.833392
0.893227 0.834633 0.828537
0.895250 0.843028 0.823150
0.886622 0.849979 0.839562
0.887316 0.869172 0.829533
0.887341 0.867721 0.846418
0.842898 0.824047 0.821778
0.864483 0.707110 0.653952
0.800298 0.762682 0.730077
0.866103 0.821820 0.795110
0.896584 0.862452 0.848585
0.893715 0.829995 0.821480
0.882371 0.851837 0.837784
0.820541 0.799300 0.735561
0.872239 0.864801 0.824390
0.870500 0.862112 0.817136
0.896731 0.850926 0.801148
0.871697 0.863995 0.785087
0.874436 0.740856 0.734563
0.877838 0.788665 0.781745
0.871722 0.856123 0.787245
0.850675 0.809182 0.774893
0.876982 0.861464 0.846166
0.891701 0.872281 0.838374
0.870339 0.841179 0.810454
0.865694 0.860326 0.803874
0.889758 0.860050 0.836079
0.891374 0.870781 0.858439
0.890730 0.870681 0.866955
0.892428 0.881038 0.871999
0.890895 0.875708 0.844617
0.894676 0.889315 0.842289
0.869119 0.847414 0.831813
0.889795 0.881019 0.859366
0.875897 0.804117 0.789094
0.891448 0.864953 0.841582
0.889916 0.838565 0.810376
0.892533 0.868528 0.854465
0.895890 0.888633 0.876877
0.892317 0.852017 0.844314
0.893655 0.879118 0.873049
0.897144 0.861920 0.844298
0.884912 0.870048 0.864473
0.899679 0.878174 0.849994
0.843718 0.807909 0.788052
0.878043 0.847638 0.832500
0.814692 0.758694 0.705478
0.893437 0.866985 0.856316
0.879354 0.795890 0.759055
0.861534 0.822496 0.802726
0.888096 0.874345 0.854316
0.896397 0.841328 0.823669
0.893235 0.852384 0.800457
0.880787 0.849828 0.839291
0.892495 0.867074 0.842921
0.883522 0.866059 0.798512
0.855775 0.813542 0.788865
0.888114 0.865742 0.820815
0.872165 0.835195 0.780522
0.870780 0.827450 0.774895
0.865157 0.857898 0.821749
0.887628 0.849952 0.831263
0.877658 0.852079 0.843477
0.863256 0.848881 0.804554
0.880352 0.872421 0.836587
0.867648 0.836777 0.821922
0.883790 0.870052 0.842892
0.886921 0.839813 0.810378
0.894759 0.861387 0.856377
0.842063 0.839192 0.788473
0.896988 0.875914 0.846821
0.898668 0.890210 0.868592
0.886969 0.838282 0.806325
0.886614 0.864404 0.832290
0.899111 0.879142 0.868687
0.898543 0.893613 0.881017
0.899529 0.878523 0.870549
0.892799 0.866344 0.845427
0.863221 0.836654 0.824005
0.848082 0.822588 0.813198
0.843854 0.826657 0.803607
0.874273 0.844579 0.832045
0.899669 0.877798 0.864249
0.892861 0.854593 0.832903
0.888808 0.882415 0.842327
0.896961 0.881879 0.854027
0.870405 0.861703 0.836378
0.838229 0.696561 0.681277
0.853687 0.839532 0.788725
0.833662 0.826655 0.645103
0.756878 0.751280 0.696621
0.730601 0.717068 0.643254
0.745078 0.679690 0.136282
0.898591 0.888661 0.867081
0.896948 0.834287 0.762577
0.881919 0.756118 0.693679
0.772925 0.688576 0.671773
0.838725 0.808474 0.801266
0.828256 0.810112 0.805153
0.879382 0.872286 0.846234
0.862026 0.777838 0.740469
0.874008 0.817139 0.769479
0.890708 0.868259 0.865992
0.878231 0.843069 0.832074
0.886276 0.871588 0.863540
0.868534 0.848702 0.813712
0.879884 0.843220 0.809172
0.884626 0.865631 0.828638
0.872087 0.852510 0.842353
0.894919 0.833065 0.817821
0.849582 0.815386 0.798098
0.897276 0.857460 0.842191
0.850417 0.799968 0.765177
0.883674 0.827652 0.691187
0.893209 0.858594 0.851442
0.897109 0.892831 0.840930
0.861765 0.816556 0.781559
0.884186 0.865184 0.794030
0.876911 0.826888 0.801130
0.893090 0.879055 0.851011
0.869318 0.851467 0.832158
0.887946 0.879642 0.871665
0.848169 0.785608 0.774409
0.853895 0.828209 0.797480
0.874426 0.856580 0.799927
0.891198 0.884084 0.836174
0.878159 0.809734 0.784952
0.886791 0.868021 0.862192
0.888825 0.866150 0.835760
0.860061 0.853417 0.823115
0.882501 0.816790 0.798026
0.879171 0.851215 0.810258
0.898693 0.861943 0.836982
0.829001 0.782061 0.775742
0.881780 0.850265 0.839483
0.890610 0.874069 0.847590
0.893111 0.861334 0.826852
0.897998 0.867415 0.855104
0.880410 0.867261 0.861743
0.889056 0.871974 0.865728
0.887891 0.848087 0.838251
0.898762 0.886852 0.875998
0.897141 0.838396 0.825312
0.838784 0.810148 0.801832
0.893541 0.832459 0.800046
0.847280 0.786720 0.770720
0.849027 0.810739 0.763254
0.897343 0.852887 0.804532
0.892191 0.818581 0.753557
0.821195 0.779085 0.711103
0.789389 0.774190 0.729781
0.892992 0.863420 0.841072
0.847946 0.831328 0.796790
0.838229 0.751463 0.725794
0.849911 0.834010 0.802646
0.897211 0.854907 0.818381
0.881474 0.862748 0.828321
0.862592 0.828404 0.794867
0.892934 0.866102 0.836129
0.878320 0.831343 0.794654
0.899922 0.850607 0.827149
0.874740 0.849862 0.818386
0.876293 0.857494 0.817388
0.889546 0.842908 0.817217
0.892658 0.875097 0.842676
0.899755 0.826281 0.801318
0.870785 0.814145 0.744377
0.874570 0.795107 0.778852
0.873931 0.860406 0.802966
0.829549 0.808449 0.755426
0.868219 0.834688 0.794523
0.850325 0.781989 0.765959
0.897697 0.877253 0.851972
0.897804 0.890793 0.816231
0.863309 0.807154 0.764369
0.879588 0.842351 0.834714
0.885909 0.818216 0.806628
0.886589 0.822434 0.806876
0.898827 0.863515 0.854140
0.898155 0.867904 0.850518
0.890949 0.864925 0.837115
0.898439 0.891693 0.866979
0.874240 0.866475 0.829983
0.883044 0.821983 0.802870
0.838772 0.769749 0.744984
0.888129 0.824439 0.796774
0.880961 0.820021 0.794167
0.887350 0.881466 0.871450
0.896027 0.872742 0.858714
0.897216 0.874754 0.862125
0.899761 0.877134 0.871162
0.885634 0.877403 0.859005
0.863718 0.840799 0.837018
0.856103 0.845051 0.826472
0.860612 0.810772 0.798870
0.831570 0.798799 0.785251
0.840926 0.814140 0.788163
0.860202 0.840723 0.813493
0.896054 0.852269 0.832654
0.841048 0.832511 0.805066
0.823407 0.810013 0.776842
0.816818 0.801788 0.784139
0.830365 0.813446 0.781637
0.796134 0.770072 0.749647
0.848359 0.727869 0.701978
0.870109 0.764693 0.750029
0.855804 0.807088 0.794501
0.895725 0.858882 0.812869
0.874027 0.740853 0.718080
0.892374 0.888095 0.864145
0.881135 0.878249 0.850332
0.870414 0.826792 0.807834
0.892466 0.834234 0.794955
0.882426 0.854892 0.830943
0.883400 0.865786 0.834982
0.892035 0.857634 0.846463
0.895663 0.850184 0.833872
0.887392 0.863899 0.826375
0.868489 0.836003 0.820310
0.882937 0.850863 0.799390
0.865952 0.844206 0.831837
0.887975 0.859333 0.842319
0.838220 0.817260 0.798045
0.863257 0.830618 0.814221
0.877226 0.841964 0.781158
0.849535 0.819959 0.763438
0.890550 0.777982 0.767423
0.895924 0.853355 0.833590
0.888971 0.874266 0.840965
0.888029 0.871722 0.844700
0.803227 0.796105 0.755301
0.894093 0.879458 0.861263
0.875966 0.842645 0.816674
0.894417 0.870358 0.851217
0.881424 0.838261 0.790331
0.829917 0.765008 0.703666
0.897361 0.871808 0.818393
0.890074 0.875993 0.845983
0.878691 0.851377 0.831355
0.897251 0.871750 0.809326
0.895690 0.881176 0.844748
0.896549 0.848067 0.797766
0.897738 0.856360 0.827050
0.885847 0.858339 0.839404
0.830369 0.801362 0.750463
0.889746 0.864174 0.841326
0.899872 0.877976 0.855637
0.874677 0.860016 0.840889
0.898534 0.846412 0.801503
0.872402 0.851988 0.831966
0.889633 0.836031 0.826854
0.866654 0.827886 0.825244
0.891800 0.885670 0.867662
0.891372 0.886459 0.855519
0.895524 0.874181 0.852263
0.881338 0.873448 0.844265
0.893644 0.888791 0.868518
0.872350 0.847635 0.840837
0.888601 0.878965 0.860575
0.886626 0.856574 0.843464
0.848701 0.842927 0.811133
0.779660 0.766984 0.764106
0.896795 0.874601 0.847902
0.878347 0.844811 0.814787
0.899016 0.878814 0.844672
0.899449 0.812159 0.796058
0.850563 0.836467 0.795057
0.899926 0.876620 0.873291
0.893378 0.880931 0.871743
0.870196 0.863619 0.853198
0.833780 0.813806 0.711917
0.726750 0.677496 0.655185
0.856414 0.829216 0.816231
0.882420 0.880611 0.867546
0.896727 0.879333 0.868327
0.897364 0.893738 0.870556
0.894877 0.840883 0.809100
0.885086 0.835764 0.774516
0.834420 0.794594 0.783845
0.797364 0.773236 0.757019
0.881868 0.823690 0.806279
0.869368 0.844199 0.834041
0.880061 0.856052 0.837643
0.850018 0.831606 0.794583
0.881273 0.845090 0.820280
0.898591 0.814500 0.799905
0.867083 0.801472 0.790637
0.892116 0.846949 0.834280
0.828008 0.797542 0.774060
0.886518 0.863311 0.837917
0.866951 0.809561 0.778624
0.870880 0.866786 0.762633
0.891309 0.882328 0.862505
0.885232 0.850179 0.840646
0.856510 0.846903 0.827990
0.791211 0.763410 0.747053
0.857752 0.828885 0.799223
0.823441 0.773301 0.751228
0.888340 0.862064 0.818728
0.895100 0.869630 0.857167
0.864150 0.860307 0.836937
0.889941 0.877533 0.867461
0.889499 0.767589 0.706860
0.880606 0.859724 0.851765
0.840762 0.779362 0.750887
0.864223 0.830105 0.799007
0.872637 0.785754 0.721721
0.889718 0.880133 0.852538
0.896655 0.890471 0.877455
0.896876 0.889619 0.849004
0.892106 0.874510 0.848240
0.894026 0.862559 0.842026
0.888729 0.868850 0.858270
0.890173 0.878524 0.863189
0.890537 0.857815 0.796017
0.875901 0.857233 0.846426
0.876864 0.862797 0.836428
0.898391 0.877299 0.856521
0.864678 0.841894 0.825812
0.894570 0.871056 0.858411
0.886733 0.863339 0.858890
0.896217 0.883651 0.860620
0.883181 0.869615 0.853708
0.899560 0.867826 0.831788
0.893886 0.857800 0.848163
0.872834 0.864221 0.848101
0.888300 0.887179 0.859375
0.881238 0.870048 0.856951
0.875849 0.844586 0.834297
0.851343 0.844615 0.818744
0.850992 0.826378 0.792200
0.853474 0.832268 0.820356
0.864116 0.831276 0.818815
0.858309 0.839327 0.828455
0.839009 0.811526 0.807450
0.834484 0.806308 0.783780
0.854868 0.827716 0.795600
0.886095 0.833330 0.813933
0.819674 0.795468 0.761165
0.814440 0.781746 0.764464
0.789150 0.735217 0.719238
0.745580 0.722450 0.667178
0.731240 0.663436 0.651069
0.876000 0.844890 0.824348
0.874039 0.833094 0.826303
0.835486 0.822134 0.789984
0.888987 0.871707 0.860391
0.894765 0.860742 0.838468
0.896629 0.775689 0.765316
0.818105 0.776246 0.767757
0.883258 0.839087 0.788029
0.865266 0.826929 0.782075
0.836806 0.794585 0.756968
0.817757 0.788027 0.742806
0.875105 0.873741 0.864346
0.890419 0.882071 0.815366
0.850328 0.812770 0.806748
0.896626 0.822060 0.792719
0.874023 0.857418 0.831007
0.865145 0.822792 0.811508
0.897270 0.825952 0.822428
0.859599 0.844795 0.815007
0.898513 0.875914 0.863421
0.798380 0.781898 0.778466
0.864335 0.853463 0.810215
0.888705 0.868204 0.826348
0.791406 0.770116 0.743819
0.872528 0.825318 0.812101
0.886514 0.830555 0.811105
0.829133 0.808628 0.793681
0.878387 0.852579 0.765559
0.866128 0.858134 0.825019
0.878101 0.819173 0.806018
0.840729 0.798703 0.778594
0.895368 0.857367 0.846484
0.857182 0.815606 0.795472
0.863803 0.835417 0.820723
0.845692 0.787995 0.758426
0.853702 0.841499 0.768861
0.895859 0.865067 0.857267
0.875695 0.842916 0.815206
0.874755 0.861194 0.854455
0.849255 0.800956 0.769075
0.891968 0.686474 0.662347
0.869818 0.796507 0.792353
0.898973 0.871710 0.860368
0.897813 0.885931 0.833412
0.869606 0.860174 0.824663
0.895100 0.826182 0.792738
0.843085 0.798777 0.671494
0.844081 0.842035 0.832063
0.807834 0.803354 0.758716
0.881514 0.832143 0.800577
0.869998 0.858726 0.832062
0.879265 0.813559 0.801046
0.878819 0.872659 0.842310
0.832900 0.810473 0.765750
0.880999 0.856196 0.836952
0.881521 0.847113 0.819386
0.883673 0.866870 0.851813
0.874076 0.856852 0.811097
0.894291 0.886764 0.864352
0.866082 0.854946 0.839653
0.884465 0.883608 0.850021
0.896737 0.838046 0.808289
0.894027 0.839364 0.817455
0.894670 0.867503 0.818681
0.872960 0.838551 0.825019
0.860496 0.834375 0.817447
0.868366 0.851561 0.832005
0.891350 0.879281 0.842422
0.837215 0.819749 0.809467
0.883010 0.862219 0.851828
0.896599 0.864248 0.836696
0.815791 0.809975 0.785862
0.848462 0.830627 0.817412
0.856924 0.849603 0.828432
0.866146 0.835087 0.820951
0.853866 0.845529 0.827571
0.880282 0.848769 0.823768
0.849284 0.835606 0.817791
0.834662 0.822121 0.805979
0.822391 0.804217 0.801690
0.844989 0.824388 0.802821
0.856414 0.843956 0.821840
0.869053 0.838581 0.826900
0.826367 0.804123 0.771133
0.812571 0.806226 0.784703
0.849307 0.837440 0.824513
0.889790 0.876694 0.846173
0.891204 0.830584 0.822963
0.891471 0.878260 0.835713
0.893070 0.871182 0.854050
0.891473 0.833739 0.800702
0.897071 0.869914 0.854839
0.878004 0.870723 0.843647
0.889852 0.840436 0.811319
0.889531 0.875733 0.830282
0.874363 0.872631 0.825891
0.894843 0.823377 0.799378
0.840054 0.835186 0.824788
0.891651 0.853053 0.837507
0.897987 0.885619 0.875200
0.880164 0.865791 0.857602
0.895133 0.891198 0.827078
0.836094 0.810007 0.760277
0.864360 0.852213 0.817788
0.875600 0.837973 0.780493
0.896497 0.862758 0.857160
0.873974 0.870421 0.844147
0.865246 0.847888 0.811086
0.891703 0.856941 0.840297
0.875593 0.862013 0.846932
0.885535 0.801783 0.762754
0.869656 0.840984 0.820026
0.899792 0.866746 0.855962
0.870141 0.862301 0.839896
0.885160 0.864922 0.793492
0.897873 0.864600 0.830548
0.898284 0.893355 0.882005
0.784664 0.773499 0.745966
0.862308 0.796050 0.738224
0.877542 0.854820 0.836086
0.820725 0.776522 0.736637
0.833276 0.784606 0.722792
0.898367 0.848631 0.829348
0.859714 0.773841 0.724160
0.856557 0.791807 0.733526
0.836793 0.819777 0.773415
0.888721 0.809413 0.758725
0.880589 0.821359 0.790409
0.897129 0.801481 0.774229
0.861796 0.844840 0.821743
0.850254 0.843956 0.819401
0.897807 0.877192 0.847112
0.884187 0.865833 0.832662
0.883807 0.852866 0.839031
0.857289 0.833301 0.814039
0.897360 0.859378 0.852267
0.848222 0.806823 0.792418
0.898434 0.871468 0.855581
0.842026 0.823749 0.810770
0.865607 0.850072 0.844496
0.821291 0.797720 0.792359
0.878072 0.862159 0.850335
0.892811 0.868531 0.861697
0.877370 0.849171 0.833379
0.888340 0.858754 0.839603
0.892676 0.869626 0.856777
0.890727 0.885032 0.855975
0.730633 0.713732 0.698999
0.876419 0.839376 0.830987
0.898160 0.869289 0.853535
0.888622 0.851201 0.837123
0.875924 0.834547 0.815826
0.859372 0.847400 0.830357
0.865744 0.840326 0.821586
0.862553 0.839978 0.795138
0.865442 0.837801 0.817740
0.840949 0.829558 0.816204
0.850566 0.809433 0.807161
0.882502 0.882101 0.857941
0.822973 0.809012 0.794789
0.863883 0.849583 0.824769
0.840037 0.832099 0.809244
0.834474 0.825948 0.789154
0.840594 0.815877 0.789374
0.891536 0.855898 0.843716
0.820246 0.816126 0.801209
0.852291 0.818468 0.802740
0.830763 0.808750 0.797434
0.839845 0.826707 0.807019
0.824954 0.803081 0.776639
0.835073 0.784149 0.775142
0.870374 0.865718 0.848203
0.837045 0.806661 0.796768
0.867090 0.842782 0.831847
0.884119 0.868850 0.864758
0.879723 0.868948 0.851678
0.885815 0.862580 0.845302
0.875664 0.868337 0.852123
0.879213 0.853243 0.821916
0.888132 0.830974 0.783109
0.896915 0.887960 0.869108
0.894057 0.826859 0.799130
0.879469 0.788703 0.776565
0.841203 0.814841 0.794555
0.886214 0.858082 0.842315
0.892895 0.880954 0.870400
0.846559 0.836031 0.822576
0.862882 0.848606 0.820378
0.887945 0.830871 0.812014
0.879021 0.871370 0.855689
0.888175 0.874553 0.846527
0.873066 0.838742 0.813110
0.889318 0.848617 0.831418
0.864883 0.841609 0.821314
0.879639 0.876133 0.831291
0.898926 0.882541 0.860995
0.894618 0.823766 0.789256
0.898830 0.834474 0.827761
0.891638 0.868266 0.850993
0.881742 0.873291 0.856762
0.881407 0.778349 0.755948
0.894491 0.868408 0.832742
0.844129 0.782967 0.705994
0.887774 0.865819 0.837347
0.893390 0.866274 0.845381
0.896711 0.863512 0.823167
0.884906 0.849032 0.808818
0.804977 0.777560 0.750607
0.868688 0.841482 0.798716
0.891778 0.856197 0.850257
0.889323 0.829312 0.780949
0.888559 0.833709 0.799629
0.875937 0.845523 0.837040
0.898835 0.741739 0.720233
0.887489 0.788103 0.782240
0.876677 0.854665 0.846699
0.875008 0.863866 0.814661
0.886809 0.846975 0.828873
0.880818 0.877758 0.864918
0.894755 0.885387 0.853214
0.846987 0.845515 0.755259
0.854539 0.818893 0.806739
0.887751 0.880005 0.857274
0.884506 0.864120 0.842006
0.891721 0.874720 0.862546
0.840515 0.818807 0.805418
0.846860 0.838620 0.824141
0.887572 0.866853 0.827124
0.850712 0.796189 0.778668
0.847623 0.825450 0.811681
0.877098 0.847176 0.816860
0.894774 0.860340 0.836824
0.858207 0.839646 0.831567
0.883358 0.846753 0.785694
0.884749 0.854866 0.838309
0.832926 0.819732 0.792071
0.871739 0.853114 0.837431
0.843549 0.805454 0.719385
0.893036 0.829969 0.827487
0.871698 0.847995 0.832271
0.842851 0.829474 0.815182
0.863046 0.851703 0.833944
0.852317 0.842520 0.839062
0.843040 0.825459 0.802270
0.873308 0.850518 0.839058
0.847364 0.829618 0.784657
0.849352 0.824641 0.805009
0.833198 0.821192 0.815951
0.824164 0.816365 0.792751
0.814449 0.796280 0.793159
0.823464 0.800318 0.788847
0.855374 0.821352 0.789714
0.813529 0.806022 0.775951
0.821720 0.801459 0.784185
0.803219 0.789707 0.768790
0.801366 0.778678 0.754917
0.800227 0.796068 0.771912
0.806577 0.793913 0.764507
0.823586 0.819576 0.810541
0.834998 0.791729 0.771842
0.844490 0.791731 0.780625
0.834746 0.795716 0.782449
0.806363 0.790687 0.766987
0.849702 0.834684 0.789542
0.877207 0.846136 0.838562
0.877130 0.858201 0.831485
0.885997 0.849299 0.827752
0.894059 0.865968 0.851975
0.895273 0.881073 0.867577
0.876879 0.860737 0.851371
0.880404 0.869021 0.856358
0.899430 0.873589 0.842789
0.886539 0.882901 0.870058
0.885341 0.873405 0.839802
0.897218 0.888677 0.872281
0.894455 0.873492 0.835971
0.891858 0.869466 0.838376
0.888125 0.862204 0.860839
0.890575 0.870150 0.862218
0.892917 0.865405 0.841335
0.845198 0.844217 0.830216
0.899679 0.876213 0.856408
0.882874 0.860497 0.819173
0.841450 0.837018 0.766520
0.898247 0.882660 0.870625
0.899906 0.887731 0.850971
0.890123 0.871376 0.834710
0.889897 0.879493 0.805667
0.855091 0.814303 0.798004
0.872600 0.842775 0.784465
0.875507 0.780030 0.750476
0.877328 0.850992 0.836552
0.857059 0.837383 0.823962
0.840574 0.816281 0.756184
0.879696 0.767785 0.719326
0.880422 0.859305 0.818769
0.883966 0.791732 0.772407
0.869802 0.846736 0.813002
0.859776 0.834294 0.779012
0.860959 0.816050 0.796474
0.862170 0.843479 0.824814
0.853281 0.784991 0.756967
0.869470 0.841485 0.803539
0.896930 0.892086 0.864382
0.872863 0.842017 0.793876
0.841761 0.812637 0.792520
0.833361 0.819648 0.805888
0.852084 0.826849 0.815407
0.846711 0.773816 0.760985
0.862510 0.829169 0.797734
0.892529 0.889671 0.871516
0.834869 0.830129 0.759973
0.832255 0.816470 0.811000
0.896200 0.834313 0.805227
0.853401 0.825696 0.802033
0.881779 0.832648 0.817531
0.878959 0.854622 0.822788
0.713408 0.703589 0.693923
0.833996 0.810306 0.726311
0.894039 0.878530 0.843392
0.848025 0.820944 0.810378
0.867553 0.837705 0.799906
0.822249 0.810012 0.800711
0.853607 0.850331 0.828516
0.846080 0.840731 0.804589
0.835617 0.819256 0.799936
0.864258 0.853985 0.845143
0.857425 0.832093 0.802988
0.868335 0.809194 0.807004
0.831664 0.813031 0.800139
0.819184 0.806290 0.797919
0.849827 0.821122 0.803689
0.845262 0.838929 0.798400
0.801457 0.794978 0.782917
0.835629 0.806742 0.779548
0.834939 0.812255 0.796803
0.836175 0.804584 0.785201
0.830349 0.803199 0.781969
0.823606 0.822902 0.787260
0.847612 0.814925 0.805984
0.804877 0.792240 0.769245
0.814848 0.791221 0.779898
0.877136 0.875664 0.848769
0.805234 0.778913 0.760505
0.810753 0.804006 0.767335
0.836549 0.791351 0.759254
0.812019 0.805070 0.775168
0.841358 0.827431 0.792012
0.885597 0.869525 0.847122
0.819826 0.782307 0.750066
0.899372 0.871326 0.854732
0.898612 0.887170 0.864612
0.882666 0.861983 0.848626
0.879470 0.857202 0.845131
0.870601 0.865627 0.860439
0.890902 0.881424 0.868406
0.889599 0.876932 0.852026
0.889423 0.879505 0.848426
0.895114 0.870229 0.825237
0.860728 0.832907 0.798039
0.897384 0.884437 0.870415
0.891795 0.855859 0.845154
0.890384 0.851661 0.847006
0.897625 0.863370 0.830608
0.884282 0.876253 0.843877
0.880757 0.868060 0.849053
0.897331 0.879482 0.868999
0.888711 0.870523 0.847357
0.875117 0.855014 0.837841
0.896103 0.880356 0.854715
0.879403 0.833113 0.780427
0.878386 0.866509 0.843032
0.862237 0.843724 0.808170
0.818660 0.800569 0.767783
0.897518 0.853181 0.809512
0.841525 0.838168 0.815537
0.891503 0.853372 0.842793
0.872057 0.849378 0.821068
0.897430 0.860398 0.830257
0.859254 0.825917 0.780370
0.899119 0.846399 0.782823
0.831843 0.809234 0.776137
0.872708 0.817170 0.767387
0.895898 0.853842 0.826336
0.874066 0.806815 0.768337
0.870119 0.843021 0.822488
0.881844 0.869393 0.836275
0.887403 0.880633 0.806112
0.882072 0.840473 0.815224
0.893316 0.857835 0.849940
0.881407 0.860335 0.853575
0.877627 0.854137 0.825302
0.883254 0.857547 0.818040
0.814035 0.794080 0.772940
0.875220 0.773338 0.714035
0.868689 0.851708 0.799657
0.898680 0.882744 0.861030
0.868199 0.786778 0.773175
0.816968 0.800407 0.787533
0.844268 0.826798 0.790864
0.869668 0.771676 0.751667
0.881952 0.840180 0.836749
0.890022 0.810126 0.797265
0.880699 0.815379 0.796941
0.833433 0.775230 0.741774
0.872026 0.835616 0.744328
0.844901 0.826524 0.807816
0.847040 0.832508 0.824779
0.862729 0.817570 0.717193
0.871090 0.844075 0.819775
0.856872 0.846851 0.834425
0.893161 0.871832 0.824145
0.860917 0.844216 0.791590
0.884645 0.831416 0.820503
0.848645 0.839746 0.818810
0.842743 0.831866 0.805121
0.852697 0.685989 0.682835
0.837670 0.820809 0.791918
0.880208 0.871717 0.834185
0.850713 0.825769 0.803308
0.833163 0.810479 0.789225
0.856856 0.824320 0.810462
0.816323 0.811119 0.794819
0.845550 0.807155 0.796504
0.817705 0.789805 0.774671
0.855783 0.837646 0.831220
0.899794 0.892551 0.849875
0.834544 0.813490 0.787890
0.827906 0.816455 0.797653
0.820270 0.796761 0.782128
0.826253 0.801097 0.782799
0.804031 0.783184 0.767354
0.826142 0.811341 0.791276
0.800198 0.796665 0.780459
0.830215 0.776921 0.758600
0.814561 0.787485 0.775852
0.823818 0.798056 0.768386
0.794263 0.786509 0.757623
0.892078 0.872142 0.822889
0.832271 0.774630 0.763248
0.844564 0.815840 0.764831
0.897327 0.872592 0.860972
0.898508 0.863286 0.848231
0.893522 0.879887 0.826296
0.894429 0.892118 0.863151
0.896667 0.861453 0.840255
0.880819 0.867531 0.859473
0.882846 0.854186 0.839367
0.896785 0.886658 0.863315
0.876709 0.847239 0.834830
0.878938 0.867491 0.852242
0.883175 0.857224 0.839812
0.877688 0.864798 0.850524
0.853312 0.838523 0.816084
0.861110 0.836758 0.812447
0.898013 0.874779 0.834167
0.880244 0.842051 0.813514
0.872382 0.861233 0.839463
0.880392 0.871926 0.841328
0.852801 0.829035 0.809162
0.842935 0.819804 0.807470
0.894652 0.891845 0.875406
0.869017 0.836808 0.827959
0.887369 0.864826 0.832936
0.861143 0.813592 0.803047
0.824046 0.792162 0.784844
0.894686 0.884903 0.820443
0.869334 0.866012 0.824519
0.861853 0.855881 0.832217
0.853823 0.835888 0.797807
0.861336 0.784843 0.780858
0.873685 0.804568 0.788248
0.883846 0.875032 0.815910
0.888712 0.844874 0.826170
0.870228 0.847604 0.832854
0.839607 0.830946 0.791462
0.890506 0.812095 0.744908
0.856314 0.832222 0.809360
0.899152 0.818805 0.807842
0.896302 0.856518 0.840808
0.859477 0.829256 0.815234
0.859593 0.846325 0.828407
0.862290 0.836558 0.810199
0.895762 0.834220 0.813699
0.876283 0.843592 0.839154
0.848777 0.827334 0.813205
0.874404 0.869404 0.818048
0.824393 0.802242 0.782859
0.811655 0.784498 0.741258
0.895116 0.861350 0.818334
0.852858 0.842260 0.821916
0.856029 0.818110 0.791529
0.863730 0.838454 0.815622
0.858514 0.833587 0.819347
0.871291 0.815842 0.789265
0.891523 0.840564 0.831661
0.882958 0.833576 0.818108
0.898014 0.873194 0.841408
0.892234 0.815927 0.785466
0.830238 0.825878 0.816675
0.822700 0.792862 0.784429
0.858073 0.834457 0.827541
0.854112 0.751623 0.714329
0.887778 0.868479 0.845091
0.889688 0.873567 0.855443
0.875524 0.840110 0.831106
0.844373 0.819642 0.817321
0.814523 0.690148 0.677963
0.748874 0.724513 0.705253
0.829649 0.824052 0.791246
0.834851 0.814058 0.788380
0.831611 0.804902 0.799692
0.828766 0.810015 0.782302
0.861346 0.839715 0.827982
0.865998 0.789316 0.749268
0.838471 0.818959 0.798677
0.844571 0.797131 0.786361
0.853146 0.797398 0.789582
0.797578 0.771260 0.754292
0.796969 0.790287 0.759396
0.804146 0.779222 0.767973
0.786788 0.776390 0.751973
0.794764 0.777939 0.772702
0.826240 0.792904 0.751181
0.786548 0.770496 0.752482
0.774075 0.753899 0.741768
0.803742 0.764492 0.727053
0.796204 0.777165 0.766318
0.807922 0.795236 0.784922
0.820240 0.788800 0.761858
0.806472 0.771351 0.754005
0.896569 0.882255 0.860163
0.857002 0.786371 0.778744
0.894308 0.877960 0.871450
0.898931 0.877958 0.870435
0.869236 0.859254 0.843924
0.877051 0.854842 0.839399
0.874542 0.856943 0.834418
0.898309 0.852321 0.833240
0.886683 0.879477 0.860529
0.893615 0.879117 0.849202
0.892108 0.868800 0.855635
0.877593 0.843759 0.801888
0.889739 0.874867 0.857185
0.882130 0.867788 0.827424
0.896239 0.870413 0.861768
0.899224 0.887951 0.854522
0.894055 0.877453 0.858454
0.886890 0.877642 0.863021
0.879983 0.865240 0.827498
0.859371 0.834258 0.813745
0.886174 0.864864 0.847655
0.895564 0.832370 0.804937
0.897018 0.866079 0.850891
0.868474 0.844103 0.818289
0.853829 0.824202 0.798010
0.872619 0.825343 0.789268
0.871543 0.855769 0.827022
0.895271 0.862646 0.857023
0.836808 0.832527 0.805631
0.825553 0.815692 0.791642
0.897255 0.842613 0.824126
0.847068 0.814905 0.798590
0.865489 0.839150 0.830811
0.861767 0.851150 0.820916
0.878683 0.869937 0.843493
0.888954 0.883177 0.873625
0.878922 0.835682 0.799582
0.874795 0.865390 0.833474
0.883055 0.873531 0.843403
0.836295 0.828081 0.811264
0.880050 0.844700 0.819348
0.844156 0.791838 0.762012
0.833696 0.806571 0.791455
0.885927 0.870414 0.867596
0.817815 0.812645 0.770609
0.880339 0.854142 0.824423
0.895251 0.842634 0.794663
0.834782 0.810531 0.676175
0.852815 0.799095 0.785543
0.860657 0.844997 0.837249
0.842323 0.719465 0.707222
0.849136 0.806989 0.701763
0.853386 0.830078 0.802493
0.858350 0.849069 0.823184
0.894035 0.855263 0.815438
0.764040 0.733283 0.723441
0.854565 0.829520 0.826768
0.871319 0.854443 0.768090
0.837629 0.780791 0.740316
0.841103 0.803010 0.763485
0.891992 0.762204 0.749865
0.897439 0.851484 0.819226
0.863959 0.845212 0.811233
0.829504 0.804717 0.707055
0.870525 0.847213 0.794104
0.698490 0.682475 0.638152
0.826641 0.679267 0.652554
0.883467 0.818450 0.810870
0.826919 0.787657 0.770564
0.899838 0.793241 0.782360
0.838788 0.825517 0.803433
0.840397 0.819341 0.802670
0.848582 0.754318 0.742631
0.764092 0.728212 0.724171
0.861065 0.770641 0.728695
0.825085 0.797723 0.774402
0.845079 0.814809 0.807476
0.864500 0.811285 0.790907
0.818300 0.793076 0.778305
0.811506 0.774428 0.752885
0.793910 0.775509 0.761228
0.756094 0.739305 0.715094
0.784397 0.732057 0.716625
0.820257 0.785095 0.759696
0.880692 0.864079 0.850579
0.808112 0.782412 0.777004
0.788590 0.772337 0.761277
0.789196 0.765371 0.742030
0.801445 0.758434 0.740715
0.891913 0.880327 0.871554
0.882597 0.869492 0.865586
0.881085 0.878636 0.860908
0.877957 0.854335 0.847376
0.883016 0.878903 0.872200
0.890003 0.852838 0.841768
0.898413 0.894804 0.869258
0.846712 0.806451 0.796138
0.856824 0.854244 0.825798
0.890429 0.871837 0.846960
0.898575 0.873191 0.828667
0.883069 0.862336 0.855595
0.895019 0.876604 0.849104
0.859638 0.843249 0.781483
0.830521 0.818814 0.802711
0.885570 0.868431 0.852723
0.849109 0.823986 0.804337
0.892052 0.836066 0.816473
0.878690 0.865376 0.828827
0.844327 0.816998 0.809580
0.858057 0.826941 0.810310
0.880577 0.845498 0.834446
0.889373 0.821276 0.816051
0.798479 0.777248 0.766160
0.866089 0.863255 0.831792
0.890787 0.838497 0.816853
0.873866 0.852775 0.834640
0.835864 0.822417 0.799872
0.837685 0.804253 0.757001
0.894936 0.844457 0.835664
0.851708 0.800393 0.765313
0.867031 0.832731 0.816097
0.883984 0.826103 0.798624
0.869444 0.834507 0.815174
0.871869 0.792964 0.781690
0.853506 0.832465 0.803127
0.825366 0.804985 0.790331
0.897856 0.858497 0.840273
0.744419 0.729190 0.711450
0.830212 0.808057 0.785699
0.805472 0.765109 0.752730
0.888243 0.822161 0.793549
0.847347 0.807007 0.796932
0.703494 0.667892 0.656449
0.798074 0.786095 0.777326
0.894711 0.862868 0.766895
0.849732 0.754206 0.676737
0.833700 0.820447 0.755692
0.855277 0.819430 0.696790
0.885381 0.854993 0.821479
0.880560 0.767884 0.731091
0.724433 0.712237 0.647728
0.862963 0.751437 0.709851
0.872693 0.848445 0.831166
0.824270 0.799962 0.793710
0.819387 0.810331 0.791361
0.893836 0.781060 0.746755
0.829403 0.793292 0.743360
0.879123 0.860579 0.819989
0.820880 0.786136 0.772588
0.811732 0.773156 0.764510
0.758194 0.696049 0.653501
0.762070 0.680453 0.123922
0.823943 0.782890 0.762429
0.847310 0.821012 0.780262
0.818455 0.777635 0.753781
0.738219 0.714813 0.670276
0.782243 0.771833 0.742803
0.748736 0.734491 0.719747
0.786443 0.762980 0.743237
0.774484 0.759879 0.738059
0.779662 0.758866 0.736874
0.769313 0.752052 0.733724
0.764812 0.753571 0.720345
0.888905 0.862611 0.840653
0.886265 0.865389 0.856062
0.895013 0.879577 0.871555
0.891402 0.872597 0.862615
0.896085 0.874225 0.858411
0.895733 0.891286 0.881385
0.884497 0.854768 0.838734
0.880945 0.871757 0.842664
0.898809 0.880250 0.843738
0.898072 0.885832 0.870211
0.855165 0.810311 0.801036
0.868638 0.838310 0.814108
0.872974 0.862860 0.835748
0.898328 0.871438 0.868551
0.874844 0.866703 0.826872
0.837522 0.815926 0.809846
0.864416 0.853752 0.812275
0.882306 0.872731 0.861069
0.890452 0.878214 0.834624
0.821071 0.818629 0.812243
0.859747 0.846117 0.807274
0.805601 0.790371 0.786380
0.868633 0.839459 0.825924
0.878625 0.866678 0.838956
0.864360 0.840549 0.817268
0.895706 0.862558 0.812457
0.898527 0.892614 0.866647
0.894796 0.889693 0.870169
0.890425 0.857776 0.833458
0.872865 0.820970 0.778755
0.883254 0.831860 0.768971
0.841871 0.836895 0.802256
0.817743 0.795193 0.776674
0.827691 0.806593 0.797878
0.873121 0.848135 0.794966
0.883747 0.869645 0.862958
0.886173 0.866143 0.845132
0.885931 0.866299 0.831669
0.868969 0.849536 0.805620
0.828351 0.816026 0.807480
0.898555 0.851383 0.797985
0.898659 0.856462 0.828258
0.859328 0.847203 0.831301
0.878944 0.858281 0.839760
0.834315 0.808660 0.788934
0.870372 0.830986 0.822377
0.811893 0.800469 0.786935
0.750281 0.741104 0.710651
0.853609 0.841493 0.792842
0.822456 0.808095 0.805417
0.828588 0.811390 0.792360
0.855297 0.832586 0.814487
0.888339 0.867074 0.840309
0.897617 0.878770 0.854706
0.856570 0.840098 0.788395
0.877810 0.807107 0.792521
0.867476 0.797579 0.765668
0.894774 0.839489 0.816593
0.863956 0.796418 0.716470
0.809220 0.800664 0.766218
0.835061 0.749850 0.737611
0.866830 0.812824 0.769652
0.863246 0.849229 0.822141
0.829215 0.702908 0.669531
0.851708 0.839472 0.825739
0.846794 0.837826 0.817135
0.788882 0.742557 0.691465
0.857962 0.815893 0.787645
0.851782 0.811591 0.684699
0.837052 0.815207 0.790965
0.842570 0.834819 0.793509
0.702452 0.087763 0.086017
0.795987 0.353822 0.076439
0.740919 0.724869 0.711515
0.822620 0.804723 0.764008
0.836460 0.810505 0.781893
0.842182 0.814375 0.786063
0.783105 0.758317 0.740965
0.752744 0.716238 0.697468
0.839547 0.783947 0.596243
0.831740 0.803866 0.787095
0.797519 0.777624 0.756050
0.764021 0.728819 0.677762
0.809723 0.803495 0.783120
0.775053 0.750321 0.703155
0.821364 0.779075 0.750020
0.794228 0.784302 0.767186
0.772248 0.755311 0.742965
0.790497 0.757217 0.743155
0.816028 0.767244 0.744702
0.793815 0.775449 0.724767
0.810301 0.775299 0.751244
0.894961 0.884811 0.844791
0.894554 0.873393 0.848692
0.883343 0.844662 0.827187
0.891525 0.863177 0.856676
0.857236 0.849592 0.817076
0.876274 0.863240 0.846765
0.816968 0.805933 0.778418
0.883366 0.855796 0.829489
0.887516 0.859317 0.848338
0.846069 0.834838 0.789189
0.890590 0.882143 0.874546
0.891761 0.876687 0.867452
0.842799 0.820117 0.802105
0.866758 0.850644 0.834330
0.861618 0.846355 0.812385
0.829853 0.808833 0.793345
0.857097 0.827843 0.809194
0.864392 0.841680 0.819364
0.811356 0.792126 0.776336
0.818512 0.810428 0.798747
0.895859 0.847897 0.842714
0.860708 0.827853 0.803244
0.848311 0.813065 0.811721
0.861817 0.840991 0.829698
0.897959 0.893833 0.863902
0.889242 0.858222 0.839176
0.882580 0.848559 0.827179
0.888987 0.872216 0.839957
0.869364 0.854115 0.791419
0.854704 0.832655 0.822335
0.839552 0.827090 0.785149
0.845648 0.734708 0.728103
0.753349 0.721792 0.698096
0.894132 0.842750 0.834357
0.857771 0.853333 0.824011
0.846445 0.830549 0.814630
0.849458 0.825851 0.819092
0.842352 0.824734 0.804917
0.869452 0.843788 0.831237
0.846899 0.812189 0.776752
0.876965 0.787559 0.730567
0.839152 0.835128 0.801949
0.860656 0.828019 0.806319
0.872433 0.854236 0.839448
0.879285 0.860745 0.819465
0.880800 0.824774 0.805937
0.854984 0.830610 0.797515
0.817757 0.702950 0.700726
0.841047 0.803174 0.784352
0.855925 0.826557 0.821317
0.886900 0.882103 0.818419
0.878121 0.871125 0.866195
0.871516 0.850981 0.838629
0.875460 0.799711 0.708172
0.885490 0.809593 0.792331
0.834635 0.823267 0.806679
0.823060 0.809906 0.801305
0.886076 0.821944 0.805250
0.858145 0.843003 0.791193
0.855911 0.785960 0.751758
0.847664 0.818775 0.694127
0.830272 0.821890 0.688204
0.866210 0.836829 0.763761
0.825524 0.819582 0.801198
0.877240 0.739318 0.726783
0.883858 0.839258 0.834932
0.857477 0.802972 0.695343
0.797159 0.777134 0.767439
0.873070 0.720162 0.523970
0.650095 0.466209 0.434774
0.721019 0.572367 0.089740
0.760340 0.753474 0.717706
0.823376 0.785697 0.782477
0.819059 0.805314 0.771804
0.775317 0.724550 0.709295
0.844168 0.798766 0.629723
0.788936 0.776605 0.749715
0.811103 0.766729 0.744317
0.800910 0.772126 0.751569
0.769443 0.755008 0.731613
0.795700 0.766294 0.742567
0.812464 0.786989 0.754836
0.768279 0.743656 0.722534
0.794879 0.751502 0.724948
0.898087 0.866515 0.836833
0.872887 0.863313 0.850284
0.894972 0.871399 0.866894
0.897051 0.866269 0.845559
0.894619 0.870632 0.854615
0.892906 0.885224 0.866039
0.895207 0.822541 0.815396
0.883709 0.868529 0.830625
0.879283 0.874819 0.860779
0.893048 0.874587 0.872241
0.838376 0.822702 0.805474
0.887945 0.848512 0.824202
0.800416 0.779784 0.768512
0.890886 0.866779 0.852421
0.880667 0.855575 0.825698
0.870721 0.849553 0.844788
0.855336 0.824081 0.810624
0.847105 0.832886 0.815108
0.861353 0.830710 0.825168
0.888260 0.868152 0.857569
0.899133 0.869623 0.855592
0.859357 0.824801 0.805845
0.887141 0.852656 0.836034
0.869821 0.833055 0.822101
0.825059 0.802161 0.778243
0.839923 0.825483 0.804506
0.853089 0.832929 0.815631
0.844811 0.813178 0.786695
0.862735 0.849391 0.820674
0.894509 0.891887 0.858244
0.887118 0.858375 0.815911
0.847290 0.801836 0.795036
0.896593 0.873286 0.816111
0.883932 0.824753 0.811536
0.859684 0.836620 0.807997
0.857047 0.826363 0.792590
0.839719 0.826603 0.794210
0.883409 0.867392 0.848257
0.847121 0.784941 0.721539
0.822629 0.800117 0.794930
0.842035 0.820465 0.807349
0.858624 0.839048 0.812382
0.854788 0.820638 0.815219
0.853815 0.840382 0.823218
0.861475 0.728858 0.700765
0.883972 0.820960 0.814194
0.864108 0.835192 0.802374
0.832532 0.817711 0.813726
0.841048 0.814816 0.808220
0.837828 0.713514 0.710737
0.861904 0.845670 0.829689
0.892793 0.817794 0.756732
0.873243 0.838837 0.823152
0.845718 0.814561 0.804268
0.887682 0.853445 0.826878
0.882849 0.875544 0.821834
0.834142 0.819402 0.706497
0.726642 0.688790 0.684717
0.713955 0.680147 0.665554
0.839864 0.787656 0.770924
0.837274 0.815676 0.807984
0.888166 0.785852 0.731053
0.843726 0.838505 0.809673
0.844472 0.830761 0.708731
0.846604 0.826633 0.809227
0.793648 0.776755 0.768298
0.831741 0.814722 0.789681
0.849879 0.831478 0.779175
0.887304 0.848541 0.833977
0.846247 0.825915 0.802847
0.841525 0.817219 0.786903
0.870722 0.780021 0.770480
0.853824 0.824189 0.689948
0.820558 0.810554 0.798587
0.848089 0.805037 0.765325
0.799681 0.628194 0.611661
0.859497 0.833204 0.805938
0.876015 0.843863 0.799553
0.871738 0.752726 0.708753
0.895250 0.859813 0.815723
0.822853 0.806538 0.783192
0.793589 0.750761 0.736498
0.756725 0.691636 0.654621
0.768607 0.754735 0.726347
0.775147 0.733627 0.727326
0.773078 0.733030 0.719900
0.778951 0.725632 0.700114
0.891245 0.881775 0.846383
0.893515 0.890077 0.877315
0.898280 0.893428 0.875892
0.871969 0.863517 0.852682
0.844577 0.818837 0.793643
0.878730 0.877624 0.855804
0.870410 0.851829 0.817104
0.847911 0.813980 0.809195
0.878957 0.869806 0.851771
0.889526 0.848755 0.835206
0.856557 0.820038 0.794933
0.868555 0.833504 0.818268
0.874948 0.857074 0.837890
0.866401 0.812926 0.795110
0.873035 0.838880 0.813237
0.839051 0.811792 0.799465
0.882146 0.829662 0.824465
0.842986 0.811450 0.801136
0.849365 0.837255 0.812217
0.820858 0.804983 0.798110
0.865357 0.826278 0.803236
0.877839 0.857010 0.850718
0.888683 0.862724 0.848123
0.891373 0.849828 0.831730
0.865037 0.833908 0.813191
0.849723 0.828408 0.815651
0.844928 0.819465 0.773789
0.864158 0.846020 0.813366
0.848443 0.830113 0.819159
0.867008 0.838500 0.818290
0.890279 0.825835 0.810422
0.876130 0.849531 0.829298
0.865695 0.820437 0.812585
0.824283 0.809459 0.794473
0.837641 0.818841 0.806182
0.877203 0.832243 0.825523
0.878030 0.843579 0.802710
0.884594 0.856092 0.820932
0.866338 0.819409 0.792454
0.849619 0.814568 0.802962
0.849545 0.831538 0.802756
0.870696 0.823392 0.809178
0.853813 0.829698 0.806391
0.850811 0.842016 0.801759
0.855604 0.843115 0.819357
0.878774 0.839833 0.793848
0.854813 0.800143 0.690305
0.856144 0.829348 0.811097
0.876770 0.826929 0.797371
0.812343 0.719014 0.687415
0.832881 0.798894 0.778111
0.856482 0.827893 0.808342
0.809563 0.798682 0.793812
0.888579 0.827328 0.821200
0.819608 0.693919 0.677351
0.734887 0.714042 0.702359
0.838155 0.804156 0.788899
0.892466 0.888765 0.820088
0.881207 0.863018 0.833237
0.832740 0.812430 0.795758
0.673494 0.658454 0.646716
0.830228 0.643906 0.638753
0.863649 0.765871 0.646543
0.844220 0.801097 0.667393
0.833884 0.819160 0.663448
0.869891 0.820007 0.803714
0.815321 0.807002 0.792021
0.862657 0.832651 0.749026
0.829820 0.804622 0.589489
0.833177 0.807370 0.663516
0.835386 0.805905 0.772906
0.845712 0.803888 0.776819
0.802574 0.784124 0.769441
0.812213 0.799617 0.592903
0.803322 0.616676 0.524755
0.784381 0.740628 0.728417
0.809464 0.771225 0.759982
0.750883 0.745127 0.710986
0.788776 0.761821 0.728292
0.769821 0.727924 0.720139
0.753940 0.729707 0.631977
0.882825 0.868831 0.859710
0.899549 0.888037 0.858464
0.898195 0.861008 0.844118
0.890755 0.872383 0.850972
0.859234 0.851697 0.835444
0.894806 0.876581 0.849520
0.897041 0.890270 0.882725
0.865355 0.861099 0.837390
0.880363 0.875679 0.857894
0.896964 0.882565 0.878581
0.899224 0.887092 0.848252
0.822591 0.813393 0.797484
0.886752 0.881552 0.865795
0.861274 0.847398 0.820032
0.866449 0.821520 0.813935
0.897369 0.884535 0.853333
0.832529 0.793835 0.785238
0.839899 0.829532 0.796173
0.845888 0.843165 0.824970
0.863715 0.847668 0.841604
0.855450 0.834692 0.807851
0.896818 0.883647 0.843073
0.880597 0.843689 0.817298
0.844683 0.832780 0.803386
0.839536 0.824900 0.802413
0.859616 0.845421 0.822571
0.888413 0.832283 0.805336
0.874538 0.837440 0.828505
0.857673 0.841521 0.833865
0.848779 0.824492 0.812906
0.844399 0.819869 0.812139
0.836667 0.824063 0.798788
0.841850 0.820185 0.807933
0.861586 0.843511 0.831775
0.888587 0.834430 0.828659
0.837794 0.808474 0.791350
0.857229 0.833148 0.818544
0.873991 0.846263 0.811016
0.834177 0.818953 0.800948
0.860402 0.842526 0.809759
0.848708 0.838854 0.816036
0.851062 0.787640 0.778806
0.841305 0.816357 0.784484
0.847292 0.827248 0.817413
0.845064 0.830809 0.818478
0.843063 0.827479 0.804356
0.863853 0.856610 0.834604
0.840249 0.832651 0.811222
0.813673 0.789570 0.785406
0.854402 0.832666 0.800848
0.862208 0.829783 0.809007
0.830970 0.821635 0.816444
0.840141 0.811084 0.794566
0.816238 0.790140 0.772334
0.852966 0.814936 0.798107
0.828008 0.812463 0.794042
0.845070 0.833024 0.825841
0.854379 0.801595 0.785559
0.860765 0.822605 0.790675
0.858028 0.823341 0.795557
0.863519 0.842296 0.799960
0.832039 0.799462 0.788230
0.843027 0.836234 0.810694
0.814368 0.809095 0.790482
0.837522 0.808546 0.785962
0.837567 0.822590 0.808653
0.853300 0.776083 0.762015
0.847707 0.778279 0.772456
0.840773 0.825856 0.800276
0.885515 0.833832 0.804300
0.851754 0.821225 0.795446
0.830659 0.800119 0.770214
0.863370 0.838643 0.823616
0.821796 0.807117 0.776282
0.860934 0.798767 0.787815
0.822478 0.793939 0.773359
0.805454 0.791009 0.750470
0.828363 0.691211 0.665428
0.708277 0.692772 0.671792
0.849398 0.691575 0.665732
0.891544 0.865256 0.831696
0.859165 0.796074 0.784245
0.826504 0.634199 0.632975
0.824057 0.650971 0.627809
0.837950 0.656561 0.642117
0.838391 0.688869 0.664796
0.845427 0.668156 0.647710
0.847409 0.824174 0.793122
0.617566 0.594000 0.574689
0.632618 0.623258 0.615732
0.639839 0.615452 0.574220
0.805279 0.757063 0.751287
0.804303 0.755682 0.746860
0.783393 0.739768 0.729360
0.899424 0.871665 0.845490
0.749353 0.719933 0.708871
0.793955 0.774041 0.755823
0.895049 0.873125 0.776494
0.876000 0.833152 0.814123
0.866554 0.826581 0.817695
0.862167 0.858506 0.832588
0.855985 0.816216 0.807679
0.875229 0.849017 0.845628
0.845029 0.808573 0.794409
0.842929 0.808186 0.806215
0.882961 0.843712 0.826939
0.851654 0.819095 0.800931
0.884521 0.846241 0.840681
0.894248 0.887924 0.849204
0.821230 0.811654 0.788874
0.888258 0.840580 0.818677
0.895621 0.864253 0.851090
0.838923 0.831478 0.787703
0.854946 0.816306 0.805853
0.855411 0.834587 0.819694
0.855186 0.833375 0.818478
0.827821 0.782060 0.770668
0.862964 0.846083 0.838353
0.882011 0.851122 0.831146
0.858890 0.839055 0.825608
0.832975 0.806369 0.795848
0.865216 0.833751 0.813337
0.844520 0.817169 0.801509
0.819814 0.805027 0.783209
0.819804 0.809286 0.797266
0.843518 0.816163 0.811632
0.838496 0.813752 0.803062
0.896772 0.836419 0.821246
0.853522 0.844728 0.823672
0.819204 0.806551 0.776400
0.849387 0.823488 0.817389
0.866271 0.856760 0.836200
0.884641 0.863010 0.836863
0.822883 0.811134 0.800534
0.836077 0.796495 0.784359
0.848067 0.838312 0.822321
0.857033 0.811975 0.786349
0.859776 0.823320 0.805188
0.840541 0.824598 0.799049
0.829644 0.821172 0.811920
0.861891 0.823380 0.809222
0.849509 0.836770 0.796055
0.837971 0.830003 0.817403
0.877550 0.848685 0.803312
0.827748 0.776013 0.767892
0.824699 0.791348 0.780909
0.822012 0.796625 0.788997
0.849905 0.814543 0.797590
0.844280 0.825906 0.816321
0.826735 0.811680 0.780337
0.809317 0.799433 0.792995
0.822358 0.785665 0.773604
0.798106 0.777264 0.770610
0.783668 0.777549 0.764526
0.802152 0.793440 0.736782
0.822443 0.792914 0.786847
0.838699 0.829795 0.791950
0.839242 0.787773 0.777785
0.845893 0.844589 0.810478
0.823170 0.803298 0.779232
0.853541 0.807949 0.766793
0.825457 0.799230 0.772229
0.806195 0.781432 0.776570
0.831915 0.806623 0.669732
0.832888 0.797804 0.778899
0.833389 0.795790 0.793194
0.788817 0.769777 0.755744
0.810885 0.793392 0.769330
0.811242 0.781012 0.759640
0.778139 0.754337 0.730420
0.831329 0.660576 0.645827
0.808074 0.671149 0.650849
0.809015 0.794153 0.778930
0.896574 0.882871 0.845190
0.757961 0.718191 0.697418
0.764481 0.757997 0.707347
0.628746 0.618893 0.605688
0.627576 0.623111 0.591120
0.770468 0.757073 0.721438
0.801749 0.750920 0.739191
0.779462 0.733176 0.712187
0.782373 0.739588 0.699737
0.753491 0.729362 0.689680
0.885036 0.872167 0.831932
0.898061 0.891339 0.847581
0.894625 0.885186 0.843240
0.886322 0.849991 0.813861
0.843502 0.817967 0.795879
0.838949 0.822725 0.815195
0.836002 0.830321 0.811234
0.844527 0.827544 0.825979
0.824690 0.775490 0.770815
0.895478 0.882048 0.871287
0.873251 0.829368 0.824398
0.853868 0.828649 0.811798
0.840484 0.806619 0.804332
0.826993 0.809261 0.790591
0.850674 0.818587 0.814505
0.817559 0.810662 0.778489
0.857023 0.831559 0.797985
0.849327 0.802472 0.780718
0.866434 0.833991 0.805503
0.824313 0.790958 0.781083
0.895818 0.866662 0.831956
0.846049 0.817656 0.788503
0.873059 0.836629 0.815808
0.861904 0.834404 0.822679
0.838268 0.818491 0.784430
0.828917 0.826257 0.801570
0.827086 0.800955 0.772960
0.840233 0.827685 0.798683
0.826159 0.819305 0.804756
0.836497 0.823779 0.814111
0.845776 0.808815 0.773680
0.822425 0.799759 0.785493
0.847345 0.815810 0.792779
0.817731 0.807874 0.795914
0.777749 0.754485 0.739411
0.823340 0.802755 0.797478
0.893459 0.879744 0.868420
0.843963 0.819152 0.796356
0.830269 0.799715 0.775914
0.813550 0.804203 0.773791
0.843269 0.799905 0.775723
0.826260 0.806794 0.782345
0.811188 0.794706 0.777504
0.784024 0.775346 0.755154
0.852161 0.813726 0.798686
0.802415 0.781292 0.756533
0.839660 0.813582 0.800324
0.811581 0.782931 0.761336
0.816376 0.794464 0.765197
0.786710 0.769407 0.723804
0.801728 0.760151 0.739794
0.774028 0.754408 0.736821
0.775049 0.754677 0.742540
0.794811 0.757615 0.724432
0.815405 0.773386 0.751561
0.745866 0.689933 0.661281
0.710991 0.704343 0.144593
0.745772 0.713682 0.682492
0.741583 0.736199 0.691430
0.889595 0.866792 0.838285
0.817633 0.807849 0.786648
0.805422 0.779378 0.768036
0.841064 0.807921 0.792607
0.851450 0.809489 0.799960
0.884973 0.855345 0.789494
0.809285 0.793806 0.760955
0.842907 0.820576 0.808784
0.840092 0.817220 0.798608
0.813878 0.798564 0.780933
0.857647 0.815846 0.772082
0.827474 0.804344 0.790090
0.830574 0.810311 0.778964
0.846332 0.825246 0.781064
0.827534 0.795613 0.784788
0.861972 0.812677 0.801037
0.797738 0.782024 0.765174
0.822912 0.784447 0.771939
0.839107 0.792181 0.763779
0.789111 0.781230 0.758846
0.835700 0.788310 0.760989
0.811089 0.793623 0.787484
0.817965 0.786503 0.772151
0.826969 0.820248 0.774852
0.803114 0.784111 0.767688
0.820139 0.776193 0.746853
0.817313 0.779405 0.772590
0.806738 0.786428 0.767469
0.784628 0.765945 0.754021
0.819262 0.797578 0.782601
0.840726 0.799627 0.777274
0.792003 0.783520 0.762583
0.798424 0.766466 0.751765
0.794418 0.788236 0.751671
0.795467 0.772388 0.741177
0.767423 0.722905 0.694964
0.893861 0.890970 0.864636
0.782699 0.752248 0.735842
0.776870 0.754372 0.726848
0.763025 0.751001 0.737584
0.899816 0.880638 0.815801
0.758557 0.731050 0.689400
0.746893 0.741587 0.664750
0.760480 0.727241 0.658565
0.764857 0.665221 0.128931
0.775077 0.747060 0.733940
0.899584 0.861038 0.825383
0.897845 0.889784 0.883765
0.896883 0.876624 0.856322
0.881830 0.864627 0.838897
0.886549 0.866481 0.803623
0.894052 0.876412 0.860473
0.894354 0.881445 0.854829
0.890108 0.852441 0.838637
0.836676 0.823730 0.803640
0.811687 0.798035 0.785581
0.815717 0.803116 0.784971
0.800212 0.786145 0.761903
0.821607 0.770124 0.763921
0.838697 0.821595 0.797523
0.840207 0.806121 0.762649
0.845770 0.813596 0.781537
0.825749 0.801550 0.784029
0.821842 0.791164 0.783866
0.822989 0.770745 0.768619
0.830067 0.803479 0.780501
0.819009 0.805494 0.771832
0.824802 0.792530 0.789160
0.832707 0.790395 0.788592
0.817354 0.796281 0.791127
0.807279 0.786300 0.765493
0.791660 0.772823 0.744779
0.792360 0.759615 0.751349
0.793913 0.749546 0.746459
0.786207 0.777844 0.747612
0.763905 0.751487 0.747356
0.768697 0.764108 0.758138
0.781210 0.759848 0.739873
0.783173 0.765007 0.746128
0.789107 0.773793 0.747110
0.815662 0.760134 0.750354
0.767398 0.725844 0.700927
0.767422 0.746378 0.716719
0.896256 0.867805 0.850939
0.899585 0.872696 0.837941
0.894877 0.873671 0.844506
0.895593 0.860552 0.837956
0.891597 0.860874 0.833784
0.899262 0.878561 0.846854
0.898755 0.872639 0.854951
0.887048 0.870517 0.857859
0.876858 0.848444 0.813124
0.890743 0.878902 0.860404
0.829426 0.769995 0.754446
0.827180 0.802789 0.766519
0.850986 0.811265 0.791416
0.830812 0.801939 0.782203
0.815945 0.776147 0.756495
0.799013 0.773633 0.742662
0.826054 0.799076 0.779772
0.815046 0.773697 0.749027
0.827662 0.811993 0.767510
0.804800 0.773698 0.746161
0.816410 0.792305 0.747002
0.784785 0.747726 0.740584
0.800640 0.758775 0.751678
0.825462 0.791660 0.775060
0.808455 0.785214 0.762743
0.793812 0.768710 0.762814
0.788274 0.770848 0.751177
0.783733 0.757785 0.741513
0.746243 0.737842 0.709076
0.871700 0.858556 0.845512
0.892575 0.836945 0.799370
0.897632 0.891535 0.868717
0.887815 0.863158 0.834939
0.885092 0.869354 0.807799
0.881966 0.838685 0.816618
0.887926 0.858288 0.828136
0.893438 0.878638 0.842292
0.893086 0.880471 0.869998
0.896177 0.869353 0.846841
0.879908 0.861368 0.840039
0.804308 0.793218 0.770546
0.818265 0.808814 0.800695
0.826285 0.794199 0.757133
0.802278 0.773244 0.747409
0.790550 0.775208 0.765879
0.797164 0.769095 0.756321
0.788415 0.778897 0.762615
0.809555 0.794406 0.781682
0.766080 0.760648 0.723563
0.804754 0.785712 0.757928
0.783469 0.752726 0.740270
0.780805 0.767262 0.740579
0.793062 0.727249 0.718117
0.819423 0.798029 0.769291
0.787075 0.763541 0.751643
0.754275 0.728458 0.720946
0.892562 0.876435 0.870556
0.750283 0.733924 0.728288
0.899299 0.877060 0.861793
0.879044 0.859234 0.832720
0.899401 0.847139 0.814740
0.888076 0.844073 0.832201
0.896857 0.877861 0.865669
0.806185 0.776989 0.747949
0.791734 0.759550 0.750889
0.804254 0.767738 0.747351
0.771793 0.744153 0.725218
0.793638 0.772118 0.760927
0.895551 0.859073 0.835232
0.894378 0.884324 0.852393
0.767372 0.726005 0.697235
0.755045 0.741549 0.719512
0.779580 0.746142 0.721131
0.761495 0.722006 0.712992
0.877031 0.841092 0.820540
0.876378 0.863186 0.833902
0.899195 0.872425 0.860569
0.893905 0.893089 0.854378
0.892855 0.875984 0.824225
0.895789 0.893035 0.841122
0.897767 0.867370 0.851771
0.894477 0.857444 0.828020
0.898157 0.884913 0.866796
0.885142 0.861710 0.770964
0.778356 0.749831 0.722507
0.799054 0.769563 0.728279
0.795819 0.739010 0.729882
0.780063 0.741140 0.712478
0.898591 0.876616 0.831146
0.896981 0.862396 0.821315
0.899761 0.863327 0.833575
0.885553 0.878890 0.856342
0.889223 0.869654 0.844194
0.898837 0.885987 0.876634
0.896062 0.879657 0.875271
0.889363 0.862713 0.828829
0.886043 0.830797 0.814283
0.883161 0.876827 0.847159
0.899380 0.854580 0.822061
0.888918 0.863394 0.851025
0.898531 0.878695 0.854883
0.887296 0.863589 0.831425
0.899914 0.877932 0.834724
0.879351 0.868609 0.818944
0.885767 0.846713 0.819993
0.750349 0.734991 0.711465
0.896901 0.868496 0.860403
0.846723 0.837184 0.790946
0.882044 0.874740 0.846004
0.885770 0.844035 0.786619
0.877693 0.862176 0.841019
0.898064 0.851371 0.810913
0.894509 0.865956 0.825521
0.897966 0.862721 0.820153
0.888422 0.858718 0.841940
0.857341 0.846849 0.833404
0.895874 0.869433 0.851029
0.887371 0.868058 0.846923
0.894949 0.877569 0.849684
0.895924 0.883489 0.833166
0.889553 0.861305 0.816461
0.885881 0.871562 0.834246
0.899249 0.887382 0.842356
0.895244 0.878640 0.870201
0.888547 0.871756 0.859410
0.867607 0.853766 0.814385
0.887355 0.884129 0.858274
0.891665 0.858273 0.837072
0.898827 0.878735 0.829795
0.892625 0.876569 0.867210
0.880560 0.878291 0.827449
0.862416 0.849773 0.821664
0.897142 0.859563 0.830653
0.899777 0.885095 0.854611
0.895295 0.869278 0.836120
0.898335 0.888601 0.885784
0.873605 0.843275 0.817446
0.899718 0.889092 0.826078
0.899075 0.864566 0.792704
0.899462 0.881812 0.865853
0.879801 0.876754 0.833353
0.888771 0.868904 0.821848
0.885470 0.835915 0.827818
0.885396 0.851385 0.809775
0.895536 0.856435 0.834998
0.893075 0.887208 0.844599
0.896590 0.857010 0.841985
0.896255 0.869310 0.856588
0.898414 0.868586 0.833178
0.889601 0.883725 0.856115
0.898131 0.890420 0.849402
0.889955 0.888475 0.884168
0.894130 0.865731 0.839604
0.887825 0.874551 0.769604
0.892652 0.882723 0.874771
0.863788 0.850777 0.822163
0.899027 0.888537 0.859081
0.897483 0.891735 0.862638
0.893417 0.887479 0.859518
0.896527 0.851189 0.829285
0.889552 0.866434 0.861337
0.886831 0.868566 0.855564
0.895580 0.853919 0.810469
0.893944 0.880651 0.812155
0.892723 0.871383 0.866501
0.893375 0.881792 0.864108
0.897418 0.852721 0.841664
0.899491 0.890035 0.840218
0.898530 0.882974 0.824307
0.886785 0.883296 0.864504
0.890001 0.874456 0.869307
0.898478 0.884350 0.852745
0.896363 0.847759 0.814896
0.887939 0.878266 0.843230
0.873595 0.855573 0.809639
0.894708 0.870927 0.863752
0.898530 0.882974 0.824307
0.891963 0.880225 0.867075
0.891523 0.865785 0.853092
0.897996 0.885301 0.874523
0.887819 0.869459 0.801550
0.898461 0.868922 0.814952
