0.759823 0.740793 0.722470
0.753621 0.744387 0.717439
0.775733 0.765633 0.743973
0.773819 0.766232 0.749336
0.770857 0.730402 0.717270
0.776993 0.745693 0.727647
0.744672 0.713147 0.697257
0.738130 0.719047 0.703492
0.799217 0.770261 0.739101
0.798566 0.757065 0.744022
0.735585 0.705761 0.692964
0.757370 0.746562 0.723825
0.737437 0.727492 0.669381
0.749965 0.724252 0.706133
0.796036 0.760974 0.741906
0.755863 0.714286 0.700334
0.733836 0.718856 0.681897
0.716433 0.685590 0.100821
0.786744 0.735951 0.681817
0.743011 0.725839 0.649671
0.749187 0.732678 0.705897
0.776197 0.762166 0.728256
0.743857 0.714581 0.696329
0.723899 0.688058 0.117252
0.763726 0.754268 0.714328
0.783744 0.744060 0.685275
0.743998 0.720125 0.702308
0.728270 0.679717 0.094637
0.731796 0.690806 0.099541
0.790930 0.775458 0.774489
0.789337 0.765210 0.747236
0.750288 0.678340 0.629757
0.783083 0.738856 0.724007
0.759964 0.748364 0.689035
0.729328 0.718580 0.707249
0.723099 0.708038 0.687876
0.797432 0.740897 0.730439
0.754958 0.667307 0.105344
0.697814 0.656877 0.114908
0.747665 0.735227 0.718972
0.746278 0.739187 0.649429
0.780689 0.732308 0.722104
0.797006 0.772496 0.745407
0.774486 0.727247 0.720461
0.778819 0.732042 0.728270
0.773369 0.737439 0.713544
0.745315 0.720262 0.655401
0.746408 0.736943 0.703685
0.771695 0.767132 0.719084
0.783130 0.774644 0.680279
0.764213 0.748627 0.717925
0.791356 0.781425 0.768383
0.755546 0.740747 0.719810
0.770383 0.734407 0.714478
0.729007 0.712274 0.696496
0.798284 0.773393 0.762309
0.738338 0.723349 0.708823
0.719451 0.684958 0.109883
0.792439 0.766867 0.683520
0.799870 0.792941 0.789040
0.765631 0.748391 0.733261
0.766018 0.728625 0.726995
0.759389 0.740979 0.719774
0.797586 0.783664 0.759868
0.795651 0.777366 0.749328
0.795783 0.756998 0.750469
0.790771 0.748117 0.726581
0.796278 0.788971 0.779555
0.784633 0.762176 0.754555
0.795307 0.766245 0.754648
0.798679 0.782904 0.756266
0.783481 0.778632 0.747391
0.776836 0.770859 0.748107
0.769081 0.759933 0.749750
0.796838 0.770500 0.738409
0.778626 0.734091 0.729757
0.761888 0.747424 0.707625
0.788935 0.765845 0.742027
0.797525 0.792210 0.774651
0.790837 0.783920 0.772961
0.791938 0.778004 0.766383
0.792864 0.788666 0.768843
0.779278 0.755517 0.746492
0.786201 0.782379 0.743052
0.774021 0.731847 0.708928
0.799870 0.783360 0.763301
0.796535 0.784364 0.762428
0.793351 0.766392 0.756816
0.799900 0.784449 0.765462
0.781796 0.768553 0.733076
0.793422 0.770765 0.762678
0.775745 0.753282 0.735072
0.793918 0.776506 0.737853
0.796563 0.756570 0.738387
0.787796 0.783894 0.780776
0.781824 0.767945 0.741628
0.789486 0.787605 0.783147
0.797902 0.791053 0.769949
0.797110 0.786648 0.749739
0.783317 0.759454 0.749747
0.799265 0.772419 0.766428
0.790666 0.774417 0.768163
0.786685 0.781557 0.765003
0.785771 0.738817 0.718670
0.794443 0.769643 0.747910
0.759743 0.725095 0.710595
0.776576 0.724196 0.712989
0.765699 0.740486 0.706778
0.787723 0.745269 0.729385
0.750869 0.743888 0.711467
0.769973 0.752560 0.724789
0.794901 0.774076 0.766413
0.798335 0.783646 0.755466
0.797862 0.783146 0.772707
0.784786 0.772088 0.753218
0.786297 0.761125 0.753934
0.788898 0.768738 0.743789
0.774987 0.727803 0.705552
0.793074 0.757580 0.739646
0.776464 0.730389 0.708296
0.780414 0.761884 0.749618
0.762090 0.733697 0.700441
0.760584 0.723957 0.708786
0.751667 0.723830 0.709236
0.762404 0.731422 0.699877
0.790529 0.751966 0.741380
0.750435 0.735657 0.710347
0.751924 0.704619 0.696070
0.750053 0.722840 0.699535
0.765207 0.743740 0.719375
0.735243 0.695393 0.662285
0.789313 0.766199 0.760438
0.792430 0.773088 0.753442
0.799845 0.764812 0.756830
0.773017 0.756502 0.737824
0.785452 0.780377 0.761249
0.797440 0.775484 0.762571
0.780338 0.765934 0.734388
0.798104 0.765773 0.761802
0.791978 0.758708 0.734260
0.777691 0.732180 0.723955
0.798626 0.768763 0.758425
0.753869 0.738551 0.661586
0.761772 0.745115 0.729634
0.725645 0.686007 0.101732
0.772535 0.741181 0.734762
0.765538 0.707105 0.660450
0.782606 0.709621 0.691152
0.794833 0.767938 0.739742
0.782603 0.775609 0.748602
0.791393 0.769910 0.754204
0.787615 0.762626 0.756806
0.774034 0.724883 0.705680
0.783262 0.736024 0.715084
0.783489 0.737365 0.732786
0.783012 0.768700 0.745259
0.764199 0.693603 0.631145
0.791208 0.756260 0.737051
0.724135 0.705680 0.685836
0.754262 0.706357 0.697411
0.728918 0.685352 0.121237
0.743509 0.709478 0.706359
0.787976 0.774512 0.743076
0.794153 0.767998 0.758084
0.778353 0.770507 0.751152
0.766011 0.753348 0.718956
0.730433 0.686685 0.104956
0.773301 0.748297 0.720567
0.739226 0.714742 0.693456
0.739559 0.708776 0.668467
0.787604 0.780252 0.741034
0.751276 0.743390 0.720598
0.773544 0.693032 0.643700
0.725334 0.702132 0.657155
0.754999 0.732569 0.702247
0.781787 0.769103 0.763173
0.730428 0.712346 0.682879
0.778077 0.734669 0.721640
0.769192 0.748549 0.729844
0.739111 0.700479 0.653861
0.740837 0.698530 0.653455
0.736069 0.724279 0.717691
0.778868 0.766790 0.746044
0.775432 0.756382 0.734492
0.791086 0.782363 0.758921
0.786618 0.777260 0.759252
0.769105 0.749857 0.733832
0.772204 0.729959 0.721845
0.752065 0.732794 0.685343
0.774385 0.725014 0.724172
0.791362 0.781213 0.729236
0.774596 0.744090 0.713721
0.784933 0.755125 0.723558
0.758929 0.748972 0.712883
0.731065 0.715153 0.647843
0.785291 0.716667 0.701718
0.769129 0.734501 0.719941
0.761581 0.725316 0.671590
0.730920 0.714426 0.706887
0.730112 0.699009 0.694195
0.779927 0.756827 0.733957
0.778878 0.753660 0.738452
0.751508 0.711289 0.683070
0.739006 0.725465 0.680444
0.773872 0.733958 0.699982
0.799311 0.745883 0.722605
0.793181 0.755691 0.716138
0.782554 0.751404 0.726143
0.788669 0.757277 0.754943
0.774085 0.747208 0.730748
0.791829 0.772884 0.759448
0.796078 0.745468 0.724074
0.750001 0.725169 0.716964
0.758255 0.716285 0.678470
0.787558 0.738138 0.715931
0.762747 0.736004 0.715441
0.768078 0.742885 0.716590
0.795235 0.741890 0.720022
0.748646 0.655523 0.093150
0.749994 0.716209 0.675478
0.779243 0.724315 0.682918
0.767582 0.752334 0.733742
0.779573 0.743615 0.731401
0.708473 0.693888 0.093414
0.748364 0.705796 0.671105
0.750501 0.744914 0.709692
0.776769 0.761251 0.746567
0.761140 0.748284 0.733468
0.787946 0.748154 0.746048
0.781361 0.702476 0.669561
0.789260 0.744650 0.723740
0.788438 0.763516 0.745930
0.779573 0.743615 0.731401
0.760864 0.671533 0.108839
0.722247 0.711047 0.103405
0.758547 0.725575 0.700242
0.775129 0.723567 0.694414
0.754541 0.709911 0.668599
0.719817 0.712232 0.700295
0.736600 0.684367 0.110196
0.746943 0.734382 0.680232
0.772014 0.752236 0.703517
0.754726 0.743881 0.711600
0.787193 0.769531 0.754290
0.756616 0.712902 0.704421
0.736600 0.684367 0.110196
0.714450 0.703860 0.102828
0.793771 0.712805 0.678881
