# Camera list with one line of data per camera:
#   CAMERA_ID, MODEL, WIDTH, HEIGHT, PARAMS[]
# Number of cameras: 27
1 SIMPLE_PINHOLE 576 720 1518.3089577100329 288 360
2 SIMPLE_PINHOLE 576 720 1596.0961028986931 288 360
3 SIMPLE_PINHOLE 576 720 1598.5354162946203 288 360
4 SIMPLE_PINHOLE 576 720 1587.3512552393304 288 360
5 SIMPLE_PINHOLE 576 720 1549.24619234429 288 360
6 SIMPLE_PINHOLE 576 720 1575.6240178150326 288 360
7 SIMPLE_PINHOLE 576 720 1682.2119956684776 288 360
8 SIMPLE_PINHOLE 576 720 1641.3003954522537 288 360
9 SIMPLE_PINHOLE 576 720 1629.317611616463 288 360
10 SIMPLE_PINHOLE 576 720 1624.5557159068499 288 360
11 SIMPLE_PINHOLE 576 720 1621.6826556834123 288 360
12 SIMPLE_PINHOLE 576 720 1606.3188728535476 288 360
13 SIMPLE_PINHOLE 576 720 1654.529781736373 288 360
14 SIMPLE_PINHOLE 576 720 1632.7095677996103 288 360
15 SIMPLE_PINHOLE 576 720 1738.5885517211921 288 360
16 SIMPLE_PINHOLE 576 720 1501.0132677350334 288 360
17 SIMPLE_PINHOLE 576 720 1614.9643215827839 288 360
18 SIMPLE_PINHOLE 576 720 1609.4420418002439 288 360
19 SIMPLE_PINHOLE 576 720 1602.0074458172662 288 360
20 SIMPLE_PINHOLE 576 720 1590.4104442781363 288 360
21 SIMPLE_PINHOLE 576 720 1620.9711255485429 288 360
22 SIMPLE_PINHOLE 576 720 1622.362655399859 288 360
23 SIMPLE_PINHOLE 576 720 1462.1328536774483 288 360
24 SIMPLE_PINHOLE 576 720 1533.4413407062023 288 360
25 SIMPLE_PINHOLE 576 720 1464.1160066591592 288 360
26 SIMPLE_PINHOLE 576 720 1610.0498882360839 288 360
27 SIMPLE_PINHOLE 576 720 1601.2207845638436 288 360
