0.205240 0.700346 0.557483
0.140581 0.185015 0.436061
0.040172 0.367486 0.492480
0.278038 0.597628 0.629521
0.291966 0.461793 0.603606
0.110328 0.122171 0.439260
0.268214 0.851440 0.571662
0.236310 0.949761 0.889528
0.261906 0.930557 0.656206
0.290764 0.606476 0.793454
0.289415 0.847762 0.782839
0.166191 0.465817 0.081197
0.288961 0.473794 0.325805
0.107326 0.155876 0.424103
0.196978 0.770164 0.258813
0.120647 0.435331 0.131941
0.286434 0.414088 0.539552
0.106274 0.233774 0.681749
0.106274 0.233774 0.681749
0.159683 0.436293 0.087621
0.285915 0.455864 0.472697
0.243288 0.648446 0.880444
0.291246 0.966014 0.911786
0.270171 0.780287 0.861945
0.283735 0.838291 0.814846
0.245655 0.843262 0.857746
0.270304 0.821256 0.893339
0.250443 0.801260 0.898268
0.272075 0.816647 0.949788
0.279943 0.881156 0.868542
0.295140 0.895608 0.758145
0.283700 0.806263 0.843581
0.298486 0.857259 0.828508
0.290238 0.874439 0.879673
0.287471 0.896780 0.737814
0.284341 0.949979 0.844955
0.273462 0.773160 0.836047
0.270599 0.663392 0.878047
0.277271 0.846137 0.757362
0.254488 0.895245 0.336278
0.237673 0.781877 0.524694
0.299244 0.650897 0.530572
0.255255 0.962329 0.585296
0.295645 0.847493 0.660450
0.296639 0.626387 0.062995
0.282715 0.459493 0.712528
0.252194 0.780974 0.653011
0.232236 0.688025 0.652057
0.225832 0.505872 0.320140
