# Camera list with one line of data per camera:
#   CAMERA_ID, MODEL, WIDTH, HEIGHT, PARAMS[]
# Number of cameras: 27
1 SIMPLE_PINHOLE 720 720 2042.3308365356318 360 360
2 SIMPLE_PINHOLE 720 720 2052.3752140526881 360 360
3 SIMPLE_PINHOLE 720 720 2266.4203845201819 360 360
4 SIMPLE_PINHOLE 720 720 2309.50239738337 360 360
5 SIMPLE_PINHOLE 720 720 2141.9136208652194 360 360
6 SIMPLE_PINHOLE 720 720 2157.704592922144 360 360
7 SIMPLE_PINHOLE 720 720 2169.2424009492283 360 360
8 SIMPLE_PINHOLE 720 720 2080.5533337671186 360 360
9 SIMPLE_PINHOLE 720 720 2017.5888401484672 360 360
10 SIMPLE_PINHOLE 720 720 2004.4592327528601 360 360
11 SIMPLE_PINHOLE 720 720 2051.1325364339291 360 360
12 SIMPLE_PINHOLE 720 720 2039.4387962490273 360 360
13 SIMPLE_PINHOLE 720 720 2064.3297984941487 360 360
14 SIMPLE_PINHOLE 720 720 2061.2323319892694 360 360
15 SIMPLE_PINHOLE 720 720 2063.2347729657204 360 360
16 SIMPLE_PINHOLE 720 720 2063.8328539467811 360 360
17 SIMPLE_PINHOLE 720 720 2081.9000914310614 360 360
18 SIMPLE_PINHOLE 720 720 2073.3786877705134 360 360
19 SIMPLE_PINHOLE 720 720 2093.4587751907311 360 360
20 SIMPLE_PINHOLE 720 720 2084.3601044307579 360 360
21 SIMPLE_PINHOLE 720 720 2071.7536618808604 360 360
22 SIMPLE_PINHOLE 720 720 2074.7184247406244 360 360
23 SIMPLE_PINHOLE 720 720 2084.4360374942439 360 360
24 SIMPLE_PINHOLE 720 720 2063.4336060270698 360 360
25 SIMPLE_PINHOLE 720 720 2108.4706223117078 360 360
26 SIMPLE_PINHOLE 720 720 2050.543312758668 360 360
27 SIMPLE_PINHOLE 720 720 2093.5367906976871 360 360
